project,collection status,# traces,# unique traces,# traces based on unique file,# unique traces based on unique file,# events,# unique events,duplicated traces,duplicated events,(without raw) # traces based on unique file,(without raw) # unique traces based on unique file,(without raw) # events,(without raw) # unique events,(without raw) duplicated traces,(without raw) duplicated events
waynedyck-gwt-gantt,OK,97,35,97,35,316,128,62,188,93,32,305,121,61,184
gongdaowen-ofdparser,OK,792653,3326,792653,3326,10560362,5267412,789327,5292950,781046,3314,9364276,4631297,777732,4732979
webmate-io-webmate-sdk-java,OK,3403,736,3403,736,86077,62849,2667,23228,3350,728,65749,52456,2622,13293
junichi11-netbeans-color-codes-preview,OK,36695,1619,36695,1619,192640,39904,35076,152736,36671,1601,170284,26777,35070,143507
forgemo-bittrex-java-client,OK,29867,1212,29867,1212,177906,46321,28655,131585,29656,1199,158708,35083,28457,123625
smsapi-smsapi-java-client,OK,2,2,2,2,33,33,0,0,2,2,33,33,0,0
SAP-archive-cloud-paulpredicts,OK,373046,12052,373046,12052,5977116,4518428,360994,1458688,373018,12031,5594532,4241985,360987,1352547
stoicflame-ofx4j,OK,26706,493,26708,500,127272,37299,26208,89973,26694,488,108622,27225,26206,81397
george-haddad-cardme,OK,7514,982,7514,982,97987,19357,6532,78630,7507,976,96269,18294,6531,77975
mulesoft-labs-rhinodo,OK,13507,437,13507,437,96176,14333,13070,81843,13413,429,82502,7255,12984,75247
SvenEwald-xmlbeam,OK,1101242,1531,1101242,1531,6403109,194262,1099711,6208847,1097852,1510,6248717,114441,1096342,6134276
afranken-jmeter-analysis-maven-plugin,OK,8717,644,8717,644,68599,39211,8073,29388,8702,630,60694,33768,8072,26926
reckart-tt4j,OK,89,47,89,47,7365208,7365072,42,136,86,44,3685731,3685595,42,136
jchambers-id-obfuscator,OK,10100,388,10100,388,101499,9359,9712,92140,10094,383,100643,8567,9711,92076
ogrodnek-java_fathom,OK,28,3,28,3,107,15,25,92,26,2,91,7,24,84
hellige-ccs,OK,16986,991,16986,991,66633,13790,15995,52843,16977,984,63150,11777,15993,51373
sorra-TraceSonar,OK,13,9,13,9,57,34,4,23,10,7,24,17,3,7
codeforamerica-pdfparser,OK,6700,650,6700,650,102929,21558,6050,81371,6494,643,88575,12177,5851,76398
acegi-xml-format-maven-plugin,OK,15877,960,15877,960,79788,8060,14917,71728,15866,950,77909,6757,14916,71152
gregorriegler-babdev-spring,OK,30,20,30,20,137,87,10,50,25,16,125,77,9,48
dyng-polling,OK,109,36,109,36,300,165,73,135,105,33,201,108,72,93
hankcs-hanlp-lucene-plugin,OK,9656,1284,9656,1284,140315,80523,8372,59792,9644,1274,37228,11420,8370,25808
JoonasVali-jartin,OK,26,18,26,18,55,35,8,20,25,17,54,34,8,20
thrau-jarchivelib,OK,11015,785,11015,785,188281,134703,10230,53578,10889,776,172464,119599,10113,52865
julietkilo-CANBabel,OK,32346,204,32346,204,91823,5840,32142,85983,32338,198,90754,4852,32140,85902
kevin-wang001-poi-el,OK,4588,572,4588,572,89570,48475,4016,41095,4575,563,89235,48298,4012,40937
rjstanford-spreedly-java,OK,16,9,16,9,53,37,7,16,13,7,25,19,6,6
shapesecurity-salvation,OK,27576,675,27576,675,151141,5528,26901,145613,27572,672,150302,4977,26900,145325
codelion-gramtest,OK,25611590,1029,25611590,1029,267788782,72416,25610561,267716366,25611585,1025,267787525,71302,25610560,267716223
exchange-core-orderbook,OK,29901,1777,29901,1777,149911,24265,28124,125646,29885,1762,145472,21371,28123,124101
jzy3d-jGL,OK,27,15,27,15,61,38,12,23,24,12,52,29,12,23
takari-maven-profiler,OK,47809,551,47809,551,152849,48365,47258,104484,47800,543,148420,44170,47257,104250
spotify-ssh-agent-proxy,OK,145,57,145,57,463,220,88,243,142,54,442,199,88,243
bkatwal-kafka-solr-sink-connector,OK,194,119,194,119,66494,57659,75,8835,183,110,50081,49420,73,661
g4dpz-predict4java,OK,1352,52,1352,52,53218,49179,1300,4039,1346,47,3790,351,1299,3439
axelhjalm-bitwig-midi-fighter-twister,OK,298,4,298,4,890,155,294,735,296,2,740,5,294,735
m09-syllable-counter,OK,227,4,227,4,503,7,223,496,227,4,503,7,223,496
FasterXML-jackson-benchmarks,OK,18,4,18,4,21,7,14,14,16,2,16,2,14,14
lastaflute-lastaflute,OK,38922,4630,38922,4630,6132124,5711531,34292,420593,38878,4612,6120250,5699683,34266,420567
neuland-jade4j,OK,421312,5916,421312,5916,6240784,1624959,415396,4615825,417021,5900,6155338,1582512,411121,4572826
topwingo-zeroFlow,OK,9555,987,9555,987,132082,63055,8568,69027,9536,974,128793,61294,8562,67499
NawaMan-NullableJ,OK,65,29,65,29,221,108,36,113,61,27,156,72,34,84
dsyer-spring-security-rsa,OK,218,35,218,35,872,357,183,515,212,30,638,205,182,433
JaroslavTulach-SelfGraal,OK,514789,60936,514793,60939,384929008,378489473,453854,6439535,514763,60928,384749859,378399593,453835,6350266
murfffi-zebra4j,OK,665631,3020,665631,3020,6029799,2127918,662611,3901881,665620,3011,4166981,389942,662609,3777039
apache-commons-imaging,OK,52101210,8460,52101212,8462,429630354,50258874,52092750,379371480,52101201,8453,362950615,12177417,52092748,350773198
ixa-ehu-ixa-pipe-ml,OK,67,42,67,42,369,261,25,108,65,41,329,241,24,88
apache-dubbo-rpc-jsonrpc,OK,9965,592,9965,592,58289,23745,9373,34544,9949,578,30116,8580,9371,21536
outbrain-GomJabbar,OK,2611,427,2611,427,66364,51973,2184,14391,2603,420,63224,49549,2183,13675
apache-maven-install-plugin,OK,586200,46559,586200,46559,488933864,486550688,539641,2383176,586168,46544,488675140,486370562,539624,2304578
spotify-annoy-java,OK,1370,51,1370,51,77969,26431,1319,51538,1362,45,38950,2712,1317,36238
cutecharts-cutecharts.java,OK,39575,853,39575,853,136905,8648,38722,128257,39564,843,133613,6472,38721,127141
arangodb-java-velocypack,OK,1105,122,1105,122,139121,135467,983,3654,1100,118,137605,133961,982,3644
RobertStewart-privateer,OK,6,6,11,5,26,12,6,14,11,5,26,12,6,14
LogisticsCraft-OcclusionCulling,OK,593,20,593,20,73730,2711,573,71019,592,19,73718,2699,573,71019
hackingwu-Java-Promise,OK,10,10,10,10,22,22,0,0,9,9,21,21,0,0
bazaarvoice-dropwizard-redirect-bundle,OK,72,34,72,34,191,136,38,55,68,31,163,109,37,54
mateiw-littlebasic,OK,7493,627,7493,627,80774,31463,6866,49311,7486,621,79102,30133,6865,48969
welk1n-ReverseShell-Java,OK,165,58,165,58,888,504,107,384,158,52,630,361,106,269
digital-preservation-utf8-validator,OK,143,14,143,14,359,55,129,304,142,13,358,54,129,304
authlete-authlete-java-common,OK,12830,682,12832,683,197576,20266,12149,177310,12721,675,177667,10176,12046,167491
drmacro-wordinator,OK,951466,20141,951769,20165,219236353,23935730,931604,195300623,951014,20146,218726514,23583485,930868,195143029
wcnwyx-gm-encryption,OK,32154,259,32154,259,136591,29852,31895,106739,32147,253,94645,1805,31894,92840
qubole-qds-sdk-java,OK,30796,1677,30796,1677,143639,33859,29119,109780,30689,1657,125953,20125,29032,105828
Bandwidth-java-bandwidth,OK,12429,821,12429,821,147059,67568,11608,79491,12418,811,116316,51913,11607,64403
udger-udger-java,OK,20298,59,20298,59,166294,9797,20239,156497,20293,54,156928,431,20239,156497
jamf-AppConfig-Generator,OK,9,2,9,2,15,3,7,12,9,2,15,3,7,12
eBay-bsonpatch,OK,685339,9165,685339,9165,7970788,667167,676174,7303621,685333,9160,7237936,300393,676173,6937543
gmr-rabbitmq-flume-plugin,OK,77,14,77,14,410,165,63,245,74,12,137,24,62,113
sjbutler-idtk-j,OK,192,85,192,85,580,319,107,261,189,83,534,294,106,240
hummeling-if97,OK,24,7,24,7,273,145,17,128,21,5,93,53,16,40
gitbucket-markedj,OK,14146,585,14146,585,147200,106845,13561,40355,14134,574,105421,66327,13560,39094
stripe-interview-java-interview-prep,OK,10,8,10,8,59,52,2,7,6,5,46,44,1,2
maxmind-geoip-api-java,OK,25,6,25,6,912,886,19,26,23,4,31,5,19,26
alt236-apkdetails,OK,95,40,95,40,231,97,55,134,91,37,220,89,54,131
azige-moebooru-viewer,OK,2198,304,2198,304,60032,13802,1894,46230,2193,300,40569,3831,1893,36738
AlanDelip-SpringBoot-Template,OK,14404,1332,14404,1332,87048,28211,13072,58837,14315,1309,60296,13158,13006,47138
AwakenCN-InChat,OK,12,2,12,2,66,11,10,55,12,2,66,11,10,55
ning-tr13,OK,111,29,111,29,829,458,82,371,108,27,692,335,81,357
logpresso-CVE-2021-44228-Scanner,OK,9066,129,9066,129,123111,31948,8937,91163,9058,123,94176,3139,8935,91037
kristofa-wicket-tagcloud,OK,51,31,51,31,275,146,20,129,45,26,208,94,19,114
hajhouj-fastsico,OK,2,2,2,2,8,8,0,0,1,1,7,7,0,0
messai-engineering-Yuga,OK,23269,449,23269,449,76132,7307,22820,68825,23241,441,70987,4630,22800,66357
j-easy-easy-flows,OK,25804,1161,25804,1161,83887,8995,24643,74892,25787,1149,80539,6670,24638,73869
resourcepool-ssdp-client,OK,107,33,107,33,378,116,74,262,101,28,346,89,73,257
sdorra-shiro-unit,OK,24530,1139,24530,1139,91859,9969,23391,81890,24507,1128,88517,7736,23379,80781
TheBlackChamber-commons-encryption,OK,1232692,2446,1232692,2446,7257022,2911719,1230246,4345303,1232681,2436,5194178,1401283,1230245,3792895
giltene-jHiccup,OK,15,15,15,15,40,40,0,0,15,15,40,40,0,0
simplesteph-kafka-connect-github-source,OK,3739,513,3739,513,144065,85964,3226,58101,3722,499,125433,76520,3223,48913
cellsrg-tabbypdf,OK,18,17,18,17,45,42,1,3,16,16,39,39,0,0
f0ng-captcha-killer-modified,OK,162,61,162,61,461,221,101,240,158,58,415,188,100,227
jpenren-thymeleaf-ui-dialect,OK,16037,4388,16037,4388,7075175,5662823,11649,1412352,16026,4378,7068305,5656963,11648,1411342
ctron-rpm-builder,OK,7,4,7,4,12,9,3,3,5,2,5,2,3,3
crossoverJie-leetcode,OK,130,32,130,32,568,137,98,431,128,31,516,111,97,405
fuzziness-kabeja,OK,96,26,96,26,305,114,70,191,95,25,292,101,70,191
Coreoz-PPT-Templates,OK,83118,3188,83118,3188,7238534,982731,79930,6255803,83002,3177,7175280,944660,79825,6230620
Flying9001-pay,OK,3,3,3,3,20,20,0,0,2,2,19,19,0,0
mixpanel-mixpanel-java,OK,11084,156,11084,156,70026,5949,10928,64077,11079,152,61719,1789,10927,59930
xcbeyond-ConferenceTrackManagement,OK,77,19,77,19,235,74,58,161,70,13,210,54,57,156
CarmJos-AliDDNS-Updater,OK,6044,578,6044,578,57022,26163,5466,30859,6038,573,52594,22302,5465,30292
apache-maven-jar-plugin,OK,14681,866,14681,866,141903,96049,13815,45854,14668,856,129510,87339,13812,42171
rynr-launchpad,OK,7,7,7,7,409,409,0,0,6,6,406,406,0,0
beyonddream-JRAKE,OK,331,67,331,67,50096,12008,264,38088,326,63,49522,11717,263,37805
in28minutes-JUnitIn28Minutes,OK,21,14,21,14,65,48,7,17,20,13,62,45,7,17
imixs-muluk,OK,4,2,4,2,7,5,2,2,3,1,3,1,2,2
bookshelfdave-etp,OK,9405,519,9405,519,57890,14978,8886,42912,9398,513,55936,13520,8885,42416
IvanTrendafilov-Confucius,OK,2758,403,2758,403,110282,35819,2355,74463,2735,391,100951,31139,2344,69812
pizihao-crow,OK,1664833,1201,1664833,1201,7618876,665402,1663632,6953474,1664827,1196,7295149,503488,1663631,6791661
mfathi91-persian-date-time,OK,52,43,52,43,456,432,9,24,51,42,454,430,9,24
dmcg-okey-doke,OK,209,22,209,22,487,58,187,429,208,21,483,54,187,429
e-gineering-gitflow-helper-maven-plugin,OK,3,3,3,3,3,3,0,0,2,2,2,2,0,0
getgauge-contrib-gauge-maven-plugin,OK,616477,54222,616477,54222,701863617,699323425,562255,2540192,616466,54212,701561716,699113494,562254,2448222
square-osstrich,OK,6,2,6,2,15,5,4,10,6,2,15,5,4,10
in-the-keyhole-khs-sherpa,OK,2,2,2,2,5,5,0,0,0,0,0,0,0,0
Sonal0409-DevOpsCodeDemo,OK,114,48,114,48,895,503,66,392,111,45,871,479,66,392
tomsik68-mclauncher-api,OK,17,15,17,15,66,49,2,17,12,11,26,25,1,1
liqpay-sdk-java,OK,109,58,109,58,779,472,51,307,104,54,553,327,50,226
xcsp3team-XCSP3-Java-Tools,OK,2656135,923,2656135,923,9600664,2218094,2655212,7382570,2656127,917,7572428,225152,2655210,7347276
naosense-markdown-preview-sync,OK,31,26,31,26,732,685,5,47,28,24,676,649,4,27
qala-io-java-beginner-course,OK,12,5,12,5,43,20,7,23,9,3,18,6,6,12
jrmelsha-keccak,OK,31,5,31,5,235,40,26,195,30,4,228,33,26,195
CodinGameCommunity-XmasRush,OK,123,69,123,69,389,204,54,185,121,67,379,194,54,185
jhalterman-concurrentunit,OK,66,46,66,46,118,89,20,29,64,44,98,69,20,29
victorrentea-clean-code-dive,OK,13,9,13,9,59,37,4,22,12,8,58,36,4,22
taxjar-taxjar-java,OK,8453,350,8453,350,179459,62878,8103,116581,8439,337,107145,13762,8102,93383
mpatric-mp3agic,OK,21789,704,21789,704,145839,14955,21085,130884,21779,695,135100,6546,21084,128554
llatinov-sample-dropwizard-rest-stub,OK,41,21,41,21,248,159,20,89,38,20,233,154,18,79
jitsi-bccontrib,OK,6454,27,6454,27,133824,29072,6427,104752,6453,26,133590,28838,6427,104752
unruly-control,OK,16030,975,16030,975,55635,5753,15055,49882,16018,966,53807,4453,15052,49354
f4b6a3-uuid-creator,OK,568873,208,568873,208,8902581,6852523,568665,2050058,568866,202,2030899,841,568664,2030058
tking-JSTUN,OK,121,12,121,12,746,70,109,676,118,9,719,43,109,676
Progether-JAdventure,OK,34117,713,34117,713,120896,24661,33404,96235,34105,703,98656,12957,33402,85699
profesorfalken-jPowerShell,OK,11,9,11,9,341,188,2,153,8,7,36,35,1,1
alexr007-ultimate8,OK,4,4,4,4,33,33,0,0,4,4,33,33,0,0
opentracing-contrib-java-concurrent,OK,407,49,407,49,926,124,358,802,374,46,834,91,328,743
savantly-net-log4j2-extended-jsonlayout,OK,15330,1280,15433,1303,191037,38922,14130,152115,15289,1292,169397,27409,13997,141988
opengeospatial-ets-ogcapi-features10,OK,3751053,30925,3751053,30925,582098439,141470479,3720128,440627960,3749008,30890,580527895,140170253,3718118,440357642
NightFlightCaptain-ssm,OK,8,8,8,8,43,43,0,0,7,7,42,42,0,0
houbb-heaven,OK,54,29,54,29,325,222,25,103,51,27,312,211,24,101
rtyley-animated-gif-lib-for-java,OK,64,9,64,9,155,55,55,100,62,7,128,28,55,100
swtcpro-jingtum-lib-java,OK,15666,454,15666,454,63626,14117,15212,49509,15656,447,46219,2303,15209,43916
wepay-WePay-Java-SDK,OK,7,7,7,7,60,60,0,0,6,6,51,51,0,0
sandflow-regxmllib,OK,614809,70327,614809,70327,541735195,532505068,544482,9230127,614794,70322,541138596,532170952,544472,8967644
PureMVC-puremvc-java-standard-framework,OK,33,16,33,16,178,106,17,72,30,14,67,50,16,17
romanb-JPA-NestedSet,OK,30639,2392,30639,2392,181181,65083,28247,116098,30612,2377,153387,45727,28235,107660
FelixGail-gplaymusic,OK,22,4,22,4,31,7,18,24,22,4,31,7,18,24
digipost-http-client-builder,OK,22,8,22,8,85,31,14,54,21,7,81,27,14,54
dubin555-Kafka-Insight,OK,10,10,10,10,25,25,0,0,10,10,25,25,0,0
ripreal-V8LogScanner,OK,44256,2409,44256,2409,186628,39343,41847,147285,44172,2393,179961,35385,41779,144576
vibur-vibur-object-pool,OK,5,5,5,5,6,6,0,0,4,4,5,5,0,0
buddy-works-simple-java-project,OK,6,4,6,4,6,4,2,2,5,3,5,3,2,2
ibit-tech-sql-builder,OK,23138,344,23138,344,70901,1827,22794,69074,23132,339,70464,1459,22793,69005
devopshydclub-vprofile-repo,OK,17156,888,17156,888,68459,13682,16268,54777,17081,868,59317,8399,16213,50918
OrhanKupusoglu-bazelize-maven-plugin,OK,48,33,48,33,124,94,15,30,43,30,103,81,13,22
aidhog-blabel,OK,5139,268,5139,268,70828,2413,4871,68415,5108,255,69382,1549,4853,67833
JavadocMD-simplelatlng,OK,81,48,81,48,772,417,33,355,77,45,657,358,32,299
retog-wymiwyg-commons-core,OK,50,20,50,20,200,102,30,98,45,16,163,75,29,88
NishkarshRaj-Maven-Using-CMD,OK,2,2,2,2,2,2,0,0,2,2,2,2,0,0
SumoLogic-sumologic-kinesis-connector,OK,15024,1502,15028,1502,190532,89697,13526,100835,14904,1485,158197,72329,13419,85868
jackhallam-weightless-orm,OK,1715885,5356,1715885,5356,7199383,1569418,1710529,5629965,1715554,5338,6692958,1063317,1710216,5629641
riversun-java-promise,OK,9628,168,9630,170,58787,685,9460,58102,9628,168,58784,682,9460,58102
linux-china-rocker-template-demo,OK,79,56,79,56,307,209,23,98,72,50,261,175,22,86
marwin1991-keep-changelog-maven-plugin,OK,116,40,116,40,529,199,76,330,112,37,474,161,75,313
lightoze-gwt-i18n-server,OK,4315,531,4315,531,64729,49702,3784,15027,4306,523,63155,48793,3783,14362
alex2chen-j-statemachine,OK,2,2,2,2,3,3,0,0,0,0,0,0,0,0
Mixermachine-base-test,OK,32667,126,32667,126,84440,1800,32541,82640,32591,119,82329,746,32472,81583
Labs64-swid-generator,OK,125,44,125,44,427,141,81,286,123,42,422,136,81,286
seansegal-tincisnotcatan,OK,16646,418,16646,418,108429,20426,16228,88003,16639,413,81614,6996,16226,74618
hivsuper-document-converter,OK,5,5,5,5,23,23,0,0,5,5,23,23,0,0
apache-commons-cli,OK,12491,829,12493,829,59034,10912,11664,48122,12486,823,52752,7729,11663,45023
Ardesco-driver-binary-downloader-maven-plugin,OK,9872,1397,9872,1397,122440,80686,8475,41754,9852,1379,97457,66953,8473,30504
sgoeschl-freemarker-cli,OK,308891,5105,308891,5105,7227802,1706634,303786,5521168,308699,5082,6387010,905079,303617,5481931
google-guava-beta-checker,OK,24889,246,24889,246,98685,4519,24643,94166,24882,240,98017,3975,24642,94042
iyzico-iyzipay-java,OK,73,27,73,27,367,171,46,196,70,25,323,136,45,187
walmartlabs-gozer,OK,12587,1464,12587,1464,63470,17182,11123,46288,12575,1453,60836,14978,11122,45858
bluemix-NumberToArabicWords,OK,149,33,149,33,677,262,116,415,147,32,629,238,115,391
krpors-delver,OK,34,18,34,18,172,65,16,107,31,16,169,63,15,106
cloudbees-diff4j,OK,13662,555,13662,555,75790,15099,13107,60691,13659,552,75238,14547,13107,60691
FasterXML-jackson-annotations,OK,16,14,16,14,105,101,2,4,13,11,53,49,2,4
jonathanhds-sql-builder,OK,100561,282,100561,282,145908,38660,100279,107248,100554,276,112549,5616,100278,106933
chenhaiyangs-mybatis-encrypt-plugin,OK,54,36,54,36,208,156,18,52,48,31,154,124,17,30
MarkShen1992-Mashibing_High_Concurrency,OK,12,10,12,10,53,46,2,7,12,10,53,46,2,7
argoproj-labs-argo-client-java,OK,2,1,2,1,2,1,1,1,0,0,0,0,0,0
xuminwlt-j360-tools,OK,11,10,11,10,42,32,1,10,8,8,21,21,0,0
davidB-scala-maven-plugin,OK,117,23,117,23,272,54,94,218,111,20,256,47,91,209
ddopson-java-class-enumerator,OK,26,14,26,14,71,33,12,38,25,13,70,32,12,38
npathai-hamcrest-optional,OK,39,11,39,11,257,134,28,123,39,11,257,134,28,123
jetty-project-jetty-eventsource-servlet,OK,13961,604,13961,604,50393,6194,13357,44199,13947,592,49317,5503,13355,43814
javadev-sqltojava,OK,10625,359,10625,359,96335,61200,10266,35135,10615,351,66357,40269,10264,26088
GoogleCloudPlatform-app-maven-plugin,OK,1254732,3654,1254732,3654,5298015,177692,1251078,5120323,1254641,3606,5205282,117044,1251035,5088238
noophq-subtitle,OK,25959,31,25959,31,65027,770,25928,64257,25956,29,63647,72,25927,63575
lerndevops-samplejavaapp,OK,114,48,114,48,943,527,66,416,111,45,919,503,66,416
TiBeN-ia-rcade,OK,3632,281,3632,281,143961,47342,3351,96619,3627,277,124036,36931,3350,87105
xdwangwei-atguigu_ssm_crud,OK,13145,1170,13188,1189,75932,13317,11999,62615,13125,1175,66959,8279,11950,58680
beothorn-URISchemeHandler,OK,56,3,56,3,139,7,53,132,56,3,139,7,53,132
keikai-dev-ref,OK,9182,829,9182,829,53711,15472,8353,38239,9065,809,46329,11632,8256,34697
vangj-jbayes,OK,1583876,1340,1583876,1340,7695028,240307,1582536,7454721,1583859,1330,7555473,169463,1582529,7386010
javadelight-delight-fileupload,OK,54,17,54,17,191,83,37,108,49,13,109,29,36,80
radkovo-Pdf2Dom,OK,732578,5558,732578,5558,9637163,3320673,727020,6316490,732480,5534,9247998,3066359,726946,6181639
carlosbritojun-jflunt,OK,128,6,128,6,211,11,122,200,128,6,211,11,122,200
wavefrontHQ-wavefront-fdb-tailer,OK,4087,596,4087,596,90963,31824,3491,59139,4074,586,88346,29919,3488,58427
vinta-pangu.java,OK,28,10,28,10,48,18,18,30,27,9,47,17,18,30
Asana-java-asana,OK,16346,509,16346,509,85966,9782,15837,76184,15979,493,80221,6726,15486,73495
chenjianjx-wsdl2html,OK,14,9,14,9,45,34,5,11,12,8,43,33,4,10
casid-jusecase,OK,63,19,63,19,176,51,44,125,60,17,161,43,43,118
spyhunter99-installcert,OK,61,28,61,28,210,88,33,122,56,24,192,71,32,121
camunda-camunda-xml-model,OK,48333,975,48333,975,183401,10814,47358,172587,48325,968,177284,6259,47357,171025
openskynetwork-java-adsb,OK,15,10,15,10,47,34,5,13,11,7,22,12,4,10
amihaiemil-docker-java-api,OK,5001,435,5001,435,90371,64952,4566,25419,4984,422,70905,55027,4562,15878
cimiano-tbx2rdf,OK,42590,548,42590,548,157097,28884,42042,128213,42580,539,124181,9346,42041,114835
opendatalab-de-geojson-jackson,OK,9922,662,9922,662,65944,13629,9260,52315,9801,656,59002,9989,9145,49013
linux-china-toolchains-maven-plugin,OK,3426,258,3426,258,116825,70729,3168,46096,3417,250,95526,58896,3167,36630
rovats-java-utils,OK,34,15,34,15,162,122,19,40,34,15,162,122,19,40
JanGorman-jersey-passbook,OK,27,21,27,21,173,153,6,20,24,19,155,141,5,14
Kuangcp-NettyBook2,OK,4000014,16,4000014,16,9000034,1000040,3999998,7999994,4000012,14,8000032,38,3999998,7999994
LiveRamp-HyperMinHash-java,OK,33218922,75,33218922,75,215131165,83800805,33218847,131330360,33218916,70,131328471,334,33218846,131328137
iipc-urlcanon,OK,13658,463,13658,463,94412,21417,13195,72995,13649,455,82589,9662,13194,72927
crispab-javabuilderpattern,OK,28,20,28,20,93,67,8,26,25,18,69,52,7,17
eurekaclinical-javautil,OK,82,24,82,24,185,99,58,86,77,20,115,39,57,76
kifj-jboss-syslog,OK,88,18,88,18,485,100,70,385,83,14,428,63,69,365
prpatel-serverless-java-mini-workshop,OK,3,2,3,2,3,2,1,1,0,0,0,0,0,0
TakahikoKawasaki-nv-websocket-client,OK,124,38,124,38,550,291,86,259,120,35,506,267,85,239
jiangxincode-SearchEngine,OK,17,16,17,16,44,43,1,1,13,13,40,40,0,0
aliyun-aliyun-log-flink-connector,OK,24,18,24,18,66,54,6,12,18,13,37,32,5,5
weaverj-erserver,OK,29,7,29,7,79,20,22,59,26,5,62,11,21,51
threedr3am-dubbo-exp,OK,17,12,17,12,42,32,5,10,11,7,13,9,4,4
ainslec-picocog,OK,43,34,43,34,546,470,9,76,43,34,546,470,9,76
wavefrontHQ-wftop,OK,2369,299,2369,299,80450,64875,2070,15575,2360,291,62185,55691,2069,6494
mincloud1501-DevOps,OK,2,2,2,2,5,5,0,0,2,2,5,5,0,0
openapi-tools-swagger-maven-plugin,OK,35,17,35,17,112,63,18,49,30,13,32,14,17,18
murreIsCoding-auth,OK,4,3,4,3,29,22,1,7,2,2,15,15,0,0
naver-lucy-xss-servlet-filter,OK,8549,398,8549,398,163638,36400,8151,127238,8541,391,132248,7806,8150,124442
rusakovichma-DocsReporter,OK,1066858,364,1066858,364,3527041,44774,1066494,3482267,1066840,349,3496180,28782,1066491,3467398
hengyunabc-metrics-zabbix,OK,27484,1091,27484,1091,94797,7959,26393,86838,27470,1078,92494,6356,26392,86138
mdeanda-lorem,OK,10352,63,10352,63,55301,4881,10289,50420,10352,63,55301,4881,10289,50420
ctrl-alt-dev-tps-parse,OK,6499,533,6499,533,103049,80365,5966,22684,6488,524,81365,62350,5964,19015
mesosphere-marathon-client,OK,9892,1036,9895,1039,63246,28313,8856,34933,9847,1017,55319,21404,8830,33915
Javastro-jsofa,OK,79,3,79,3,275,9,76,266,78,2,273,7,76,266
Chatanga-Girinoscope,OK,3,2,3,2,5,3,1,2,3,2,5,3,1,2
ctapweb-AutoSubClause,OK,1366786,5973,1366786,5973,9010739,4675591,1360813,4335148,1366557,5953,8329518,4269487,1360604,4060031
MieskeB-json-api-spring-boot,OK,21712,158,21712,158,143981,7842,21554,136139,21709,156,130526,1113,21553,129413
stevespringett-owasp-risk-rating-calculator,OK,5,5,5,5,43,43,0,0,4,4,26,26,0,0
edgexfoundry-support-rulesengine,OK,44064,458,44064,458,134497,9572,43606,124925,44052,448,131833,7828,43604,124005
blackbeard334-djoom3,OK,14,4,14,4,990,965,10,25,12,2,30,5,10,25
bernardosulzbach-dungeon,OK,10629,1390,10630,1389,130901,75865,9241,55036,10622,1382,127495,72746,9240,54749
HugoJhonathan-Challenge-Oracle-ONE-conversordemoedas,OK,3,3,3,3,21,21,0,0,3,3,21,21,0,0
knowm-jspice,OK,21325,584,21325,584,117315,19257,20741,98058,21317,577,100652,7185,20740,93467
GoSimpleLLC-jpgAgent,OK,4,3,4,3,26,16,1,10,0,0,0,0,0,0
BarcodeAPI-server,OK,33476,883,33476,883,139911,15508,32593,124403,33458,867,133640,11512,32591,122128
davidmoten-rtree2,OK,24602100,1783,24602100,1783,202274764,2786453,24600317,199488311,24602085,1770,201217851,1729984,24600315,199487867
retomerz-mosquito,OK,5,3,5,3,10,8,2,2,5,3,10,8,2,2
Supera-Inovacao-Tecnologia-PS-Java,OK,17762,1717,17762,1717,118387,69504,16045,48883,17724,1684,111447,64741,16040,46706
ukman-kolobok,OK,136,33,136,33,369,107,103,262,134,31,352,90,103,262
octavian-h-time-series-math,OK,1295328,542403,1295328,542403,315077191,150898164,752925,164179027,1295307,542385,297083760,136261159,752922,160822601
Proteus1989-Air-Explorer-Decrypter,OK,30,7,30,7,901,873,23,28,28,6,38,11,22,27
julienchastang-charts4j,OK,49690,1123,49690,1123,190490,10989,48567,179501,49682,1116,186672,8499,48566,178173
eBay-json-comparison,OK,26087,1147,26087,1147,107527,10100,24940,97427,26070,1132,104531,8022,24938,96509
archervanderwaal-storm-server,OK,15652,732,15652,732,66248,20420,14920,45828,15642,724,64958,19697,14918,45261
alipay-ams-java-sdk,OK,3247,227,3257,227,103216,62605,3030,40611,3209,218,80887,51320,2991,29567
ricksbrown-jgenhtml,OK,908084,763,908084,763,5377994,195329,907321,5182665,908077,757,5044472,11978,907320,5032494
alibaba-rsocket-broker-rsocket-broker-gateway-mqtt,OK,70,51,70,51,254,171,19,83,63,45,207,138,18,69
jcabi-jcabi-maven-plugin,OK,33,22,33,22,94,66,11,28,31,20,80,52,11,28
yawkat-reflect,OK,4,3,4,3,4,3,1,1,1,1,1,1,0,0
kklisura-props-to-constants-generator,OK,117,48,117,48,376,182,69,194,113,45,299,129,68,170
jchambers-fast-uuid,OK,11,8,11,8,23,17,3,6,11,8,23,17,3,6
Twasi-twasi-core,OK,89,26,89,26,229,82,63,147,83,21,189,53,62,136
tobyweston-Refactoring-Chapter-1,OK,142,30,142,30,613,139,112,474,142,30,613,139,112,474
rjwut-ian,OK,6476,710,6476,710,50637,21150,5766,29487,6439,699,26781,8810,5740,17971
devopshydclub-vprofile-project,OK,22702,980,22702,980,93026,18556,21722,74470,22627,960,80595,11240,21667,69355
krullert-universe,OK,10566,423,10566,423,81984,44019,10143,37965,10544,406,54222,18462,10138,35760
JodaOrg-joda-time,OK,23356,1337,23356,1337,170398,38414,22019,131984,23339,1322,131364,12551,22017,118813
tbuktu-ntru,OK,1245,153,1245,153,6135688,6021892,1092,113796,1242,150,152447,38651,1092,113796
elasql-elasql,OK,47,31,47,31,142,121,16,21,43,28,124,107,15,17
mokiat-java-data-front,OK,24312,1121,24312,1121,87409,8812,23191,78597,24300,1112,84590,6852,23188,77738
grumlimited-geocalc,OK,46,31,46,31,134,88,15,46,40,26,103,62,14,41
rponte-pin-decrypter,OK,52,8,52,8,132,22,44,110,50,6,125,15,44,110
apache-maven-ear-plugin,OK,14,5,14,5,50,24,9,26,12,4,14,6,8,8
jnr-jnr-process,OK,17038,824,17038,824,127249,64980,16214,62269,16917,812,124103,63171,16105,60932
sabomichal-liquibase-mssql,OK,23493,339,23493,339,172469,15537,23154,156932,23484,332,167521,11149,23152,156372
ssedano-jump-consistent-hash,OK,10,8,10,8,23,21,2,2,10,8,23,21,2,2
corentin59-ArtNetStack,OK,8,2,8,2,28,7,6,21,8,2,28,7,6,21
rponte-dbunitmanager,OK,32,18,32,18,121,68,14,53,28,15,71,41,13,30
iamazy-elasticsearch-sql2,OK,8471,918,8471,918,50510,14826,7553,35684,8448,901,43641,10340,7547,33301
ooxi-jdatauri,OK,107,31,107,31,868,385,76,483,102,27,561,188,75,373
konsolas-ConditionalCommands,OK,13,9,13,9,70,46,4,24,12,8,68,44,4,24
autermann-yaml,OK,20746,543,20746,543,139079,44198,20203,94881,20736,534,81712,9076,20202,72636
triologygmbh-reCAPTCHA-V2-java,OK,17665,1883,17665,1883,192641,86691,15782,105950,17513,1863,163644,71237,15650,92407
SValentyn-Payment-Management-System,OK,25,19,25,19,92,64,6,28,20,15,45,30,5,15
assertthat-selenium-shutterbug,OK,6,6,6,6,24,24,0,0,5,5,23,23,0,0
meteoinfo-wContour,OK,2,2,2,2,4,4,0,0,2,2,4,4,0,0
tchristofferson-Config-Updater,OK,136868,3847,136868,3847,9751204,1498375,133021,8252829,136864,3844,9697017,1463773,133020,8233244
Maschell-JNUSLib,OK,14979,52,14979,52,83641,5763,14927,77878,14974,48,77961,178,14926,77783
mattsheppard-gethostname4j,OK,3,3,3,3,6,6,0,0,2,2,5,5,0,0
Harium-etyl,OK,11,10,11,10,47,35,1,12,8,8,22,22,0,0
patrickfav-uber-adb-tools,OK,10782,396,10784,397,71636,6494,10387,65142,10776,390,65844,3148,10386,62696
sambatriste-sql-formatter,OK,8,8,8,8,190,190,0,0,7,7,161,161,0,0
SonarSource-sonar-auth-github,OK,5064,411,5064,411,50411,28888,4653,21523,5053,401,47126,27107,4652,20019
tv2norge-collab-java-serf-client,OK,19,10,19,10,37,16,9,21,16,7,31,10,9,21
everwatchsolutions-json-data-generator,OK,12002,14,12002,14,54010,64,11988,53946,12000,12,54000,54,11988,53946
dibbhatt-kafka-spark-consumer,OK,127,52,127,52,430,193,75,237,121,47,303,113,74,190
usingsky-KoreanLunarCalendar,OK,6,6,6,6,67,67,0,0,6,6,67,67,0,0
STEMLab-JIneditor,OK,228,160,228,160,758,563,68,195,220,153,648,489,67,159
skayvanfar-cheetah,OK,15,15,15,15,43,43,0,0,14,14,41,41,0,0
denniskniep-GQLRaider,OK,6841,609,6841,609,65411,39365,6232,26046,6830,604,64346,38647,6226,25699
heroku-heroku-jvm-application-deployer,OK,7,7,7,7,53,53,0,0,7,7,53,53,0,0
davidmoten-rtree-multi,OK,27793725,38356,27793725,38356,255230558,8494208,27755369,246736350,27793710,38343,254160845,7424956,27755367,246735889
scouter-contrib-scouter-plugin-server-alert-slack,OK,36,14,36,14,110,33,22,77,33,11,105,28,22,77
antlr-antlrworks,OK,5099,929,5099,929,184751,121080,4170,63671,5094,925,181650,119091,4169,62559
uia4j-uia-sim,OK,12998,932,13061,945,78401,26694,12116,51707,13048,934,75379,25132,12114,50247
javadev-moneytostr,OK,4579,169,4579,169,61157,9293,4410,51864,4574,165,46272,1519,4409,44753
microsoft-AppCenter-Test-Appium-Java-Extensions,OK,20184,394,20184,394,106003,26659,19790,79344,20155,378,90554,16217,19777,74337
davidmoten-guava-mini,OK,27,22,27,22,88,70,5,18,23,19,68,59,4,9
biouno-pbs-java-api,OK,39,26,39,26,61,46,13,15,36,24,54,42,12,12
forcedotcom-SiteCrawler,OK,38,12,38,12,115,46,26,69,37,11,112,43,26,69
RayDeCampo-java-xirr,OK,14993,849,14993,849,63254,6785,14144,56469,14982,839,61648,5676,14143,55972
lucaspouzac-contiperf,OK,18116,235,18116,235,54943,1735,17881,53208,18109,229,54899,1698,17880,53201
bgandon-juli-to-slf4j,OK,14,13,14,13,14,13,1,1,11,10,11,10,1,1
Yubico-yubico-j,OK,4,4,4,4,19,19,0,0,3,3,6,6,0,0
mybatis-mapper-provider,OK,13339,879,13341,880,53145,17113,12461,36032,13326,866,46085,12775,12460,33310
ghosthack-turismo,OK,5,4,5,4,83,46,1,37,2,2,2,2,0,0
linked-solutions-jarql,OK,9861,1647,9861,1647,103258,47202,8214,56056,9848,1635,96429,42143,8213,54286
MottoX-BeanUtils,OK,64,30,64,30,468,286,34,182,61,28,304,203,33,101
macacajs-wd.java,OK,11061,1660,11061,1660,152498,81758,9401,70740,10950,1644,126466,67968,9306,58498
shred-commons-xml,OK,26467,929,26467,929,144173,10155,25538,134018,26457,920,141331,8209,25537,133122
leonliao-wechat-app-pay-java-sdk,OK,10838,1206,10840,1207,93357,33490,9633,59867,10763,1191,85541,29450,9572,56091
jdbc-observations-datasource-proxy,OK,1824354,5145,1824354,5145,6809260,711610,1819209,6097650,1824159,5106,6565426,514530,1819053,6050896
asaflevy-SelenuimExtend,OK,54,9,54,9,133,20,45,113,51,7,130,18,44,112
ning-compress,OK,7591,71,7591,71,5198762,4854056,7520,344706,7587,67,4879893,4535187,7520,344706
OrderLab-OKLib,OK,271087,4310,271087,4310,6054652,3934687,266777,2119965,271079,4303,5879727,3842247,266776,2037480
ohioit-rundeck-http-plugin,OK,863888,3582,863888,3582,8103239,830220,860306,7273019,859704,3562,7550622,281767,856142,7268855
mwanji-toml4j,OK,18149,1263,18151,1264,96551,25069,16887,71482,18143,1257,91023,22250,16886,68773
520github-fw-parallel-task,OK,37,8,37,8,88,21,29,67,34,6,78,15,28,63
GeBeater-dozer-jdk8-support,OK,11,11,11,11,11,11,0,0,11,11,11,11,0,0
neilswainston-FragGenie,OK,13414,650,13414,650,112550,40025,12764,72525,13403,641,62704,11845,12762,50859
myui-btree4j,OK,40366156,1527,40366156,1527,288592552,100637757,40364629,187954795,40366146,1518,177186025,1518945,40364628,175667080
barrer-translate-online,OK,9786,452,9786,452,171844,98806,9334,73038,9780,447,166979,95007,9333,71972
520github-fw-statemachine,OK,15,10,15,10,117,70,5,47,12,8,102,60,4,42
bubuntux-poker-engine,OK,41,22,41,22,127,90,19,37,39,20,69,32,19,37
rombert-desktop-maven-notifier,OK,12,12,12,12,85,85,0,0,11,11,84,84,0,0
tcurdt-hadoop-lzo-java,OK,23,8,23,8,57,24,15,33,21,6,50,17,15,33
ashwanthkumar-slack-java-webhook,OK,42,27,42,27,122,98,15,24,42,27,122,98,15,24
dev-aspectj-aspectj-maven-plugin,OK,657909,42349,657909,42349,438782939,434981891,615560,3801048,657898,42339,438447279,434751604,615559,3695675
digitalfondue-npjt-extra,OK,25324,1034,25348,1042,133850,22154,24306,111696,25176,1026,120946,13796,24150,107150
teaey-apns4j,OK,56,20,56,20,388,271,36,117,54,19,364,259,35,105
thymeleaf-thymeleaf-itutorial,OK,5898,3994,5898,3994,6531870,5643426,1904,888444,5862,3978,6528865,5641421,1884,887444
tfredrich-DateAdapterJ,OK,24,4,24,4,60,10,20,50,24,4,60,10,20,50
w3blogfr-zebra-zpl,OK,76,40,76,40,435,242,36,193,75,39,430,237,36,193
Ingenico-ePayments-connect-sdk-java,OK,8923,992,8924,992,179331,90566,7932,88765,8905,976,150551,75633,7929,74918
vidstige-jadb,OK,25883,1098,25883,1098,83708,7689,24785,76019,25867,1083,81235,5951,24784,75284
cloudiator-visor,OK,2,1,2,1,2,1,1,1,2,1,2,1,1,1
odiszapc-nginx-java-parser,OK,34874,1070,34874,1070,194273,24651,33804,169622,34869,1066,187411,20238,33803,167173
jonatan-kazmierczak-class-visualizer,OK,22,10,22,10,79,38,12,41,20,8,74,33,12,41
2captcha-2captcha-java,OK,11348,972,11348,972,54672,15309,10376,39363,11336,961,38948,4972,10375,33976
jon-hanson-parsecj,OK,1078,90,1078,90,54167,50539,988,3628,1072,85,54092,50491,987,3601
pawandubey-griffin,OK,9,9,9,9,209,209,0,0,9,9,209,209,0,0
amazon-archives-aws-request-signing-apache-interceptor,OK,51,26,51,26,164,88,25,76,41,20,117,58,21,59
reactiverse-vertx-maven-plugin,OK,361475,6156,361477,6157,5266684,4106026,355320,1160658,361432,6128,5201532,4061295,355304,1140237
xnnyygn-dynamic-log-level,OK,12,8,12,8,20,15,4,5,8,5,9,6,3,3
geftimov-hadoop-map-reduce-patterns,OK,13,12,13,12,813,427,1,386,9,9,36,36,0,0
szagriichuk-search-api,OK,19729,66,19729,66,50197,2773,19663,47424,19724,62,50042,2682,19662,47360
jruby-jcodings,OK,119,38,119,38,870,677,81,193,117,36,818,625,81,193
forcedotcom-wsc,OK,575736,10803,575736,10803,230524842,68756904,564933,161767938,575691,10789,230504723,68741283,564902,161763440
SimpleFinance-kafka-dropwizard-reporter,OK,109,59,109,59,390,267,50,123,104,55,358,246,49,112
mike706574-java-map-support,OK,45,12,45,12,183,45,33,138,41,9,141,19,32,122
RestComm-jasn,OK,224,33,224,33,953,245,191,708,222,31,826,118,191,708
KevinStern-software-and-algorithms,OK,10221,714,10221,714,170572,60834,9507,109738,10208,703,165170,55594,9505,109576
ToryZhou-design-pattern,OK,153,93,153,93,502,287,60,215,150,91,464,266,59,198
sedran-moment4j,OK,27,19,27,19,118,71,8,47,26,18,116,69,8,47
jfinal-jfinal,OK,24,21,24,21,350,299,3,51,19,17,46,44,2,2
liangbaika-validate,OK,5,5,5,5,28,28,0,0,4,4,27,27,0,0
lamarios-sherdog-parser,OK,399302,4743,399302,4743,7789869,4152911,394559,3636958,399294,4736,7440108,3882556,394558,3557552
random-maven-profile-activator-extension,OK,119,57,119,57,879,577,62,302,113,52,394,172,61,222
woodpecker-appstore-yonyou-nc-decrypter,OK,4,4,4,4,10,10,0,0,2,2,7,7,0,0
maping-java-maven-calculator-web-app,OK,2,2,2,2,5,5,0,0,2,2,5,5,0,0
agido-malter-logback-elasticsearch-appender,OK,108,25,115,24,397,160,91,237,100,17,162,40,83,122
str4d-ed25519-java,OK,15830,55,15830,55,63011,24022,15775,38989,15825,51,60774,21796,15774,38978
shibing624-crf-seg,OK,4091,726,4160,735,63350,40903,3425,22447,4147,724,48694,31756,3423,16938
azam-ulidj,OK,615,146,615,146,166555,151027,469,15528,610,143,145938,130630,467,15308
xiangbohua-scales-bridge,OK,5,4,5,4,28,20,1,8,0,0,0,0,0,0
matthewhorridge-mdock,OK,171,28,171,28,762,134,143,628,168,26,719,110,142,609
iceenongli-iceworkday,OK,2,1,2,1,68,34,1,34,0,0,0,0,0,0
internetitem-logback-elasticsearch-appender,OK,47,18,47,18,226,106,29,120,33,12,41,13,21,28
traiana-kafka-spiffe-principal,OK,16559,833,16559,833,93361,8080,15726,85281,16550,825,91356,6698,15725,84658
fengwenyi-api-result,OK,18,17,18,17,95,82,1,13,15,15,64,64,0,0
ocpsoft-common,OK,213,49,213,49,490,164,164,326,211,47,465,139,164,326
toolbox4minecraft-amidst,OK,376595,776,376595,776,5055527,273914,375819,4781613,376586,769,4876867,158100,375817,4718767
nurkiewicz-typeof,OK,8,4,8,4,8,4,4,4,4,2,4,2,2,2
tencentyun-cos-java-sdk-v4,OK,23,17,23,17,105,90,6,15,16,11,64,59,5,5
netarchivesuite-heritrix3-wrapper,OK,35,21,35,21,112,71,14,41,32,18,86,45,14,41
DavidHerBet-java-codility,OK,329,115,329,115,50983,50375,214,608,328,114,50952,50344,214,608
goxr3plus-java-google-speech-api,OK,59,31,59,31,560,464,28,96,58,30,559,463,28,96
shipilev-jdk-backports-monitor,OK,24,15,24,15,113,70,9,43,24,15,113,70,9,43
apache-maven-verifier-plugin,OK,11,4,11,4,44,34,7,10,10,3,16,6,7,10
AquaticInformatics-aquarius-sdk-java,OK,11180,362,11180,362,107901,9818,10818,98083,11175,358,106981,9114,10817,97867
simplymequeeny-json-string-schema-generator,OK,9084,379,9084,379,56423,7622,8705,48801,9078,374,49676,3795,8704,45881
damnhandy-Handy-URI-Templates,OK,16158,795,16158,795,66498,9539,15363,56959,16130,784,62702,7395,15346,55307
antherd-sm-crypto,OK,73,72,73,72,291,272,1,19,70,70,251,251,0,0
apache-maven-help-plugin,OK,915709,27814,915709,27814,197381504,194009964,887895,3371540,915677,27792,197164229,193849621,887885,3314608
agiledon-payroll-ddd,OK,23310,886,23310,886,85248,6802,22424,78446,23294,877,82241,4699,22417,77542
ForteScarlet-Mock.java,OK,6,4,6,4,52,34,2,18,6,4,52,34,2,18
Xchuanshuo-LiteNESEmulator,OK,136,55,136,55,415,201,81,214,130,50,385,179,80,206
JeffLi1993-java-core-learning-example,OK,29,7,29,7,105,40,22,65,25,4,49,7,21,42
zalando-stups-java-sproc-wrapper,OK,31417,1348,31417,1348,97792,12992,30069,84800,31405,1337,95496,11502,30068,83994
javamelody-jira-confluence-javamelody,OK,16259,639,16259,639,98981,8635,15620,90346,16227,629,96912,7421,15598,89491
dmitry-zhuravlev-jooq-postgis-spatial,OK,3,2,3,2,24,21,1,3,0,0,0,0,0,0
aliyun-aliyun-log-logback-appender,OK,2510,543,2519,548,113879,81179,1971,32700,2507,538,96472,72434,1969,24038
klakegg-pkix-ocsp,OK,15791,971,15791,971,119943,63861,14820,56082,15775,958,100380,53213,14817,47167
mlaccetti-rocksaw,OK,13,8,13,9,23,15,4,8,10,6,18,10,4,8
codepine-testrail-api-java-client,OK,19270,1555,19271,1554,195075,39085,17717,155990,18970,1544,175915,29501,17426,146414
blinkfox-zealot,OK,11434,832,11434,832,101723,21541,10602,80182,11422,821,99212,19936,10601,79276
f4b6a3-ksuid-creator,OK,160414,21,160414,21,5467637,4747239,160393,720398,160410,17,720434,36,160393,720398
mahjong4j-mahjong4j,OK,22216,732,22216,732,103361,9666,21484,93695,22213,729,98012,4317,21484,93695
digitalpetri-opc-ua-nodeset-parser,OK,11454,128,11454,128,72202,25463,11326,46739,11448,123,35347,6559,11325,28788
chriswhocodes-FreeLogJ,OK,95,28,95,28,375,117,67,258,94,27,374,116,67,258
Col-E-Simple-Memory-Compiler,OK,36,18,36,18,86,42,18,44,33,16,77,37,17,40
purecloudlabs-elasticsearch-lambda,OK,7990,1026,7990,1026,59546,26741,6964,32805,7973,1010,49633,21159,6963,28474
edagarli-azeroth-event,OK,6327,996,6366,999,71793,32151,5367,39642,6324,986,68527,29944,5338,38583
pingcap-tidb-loadbalance,OK,67,26,67,26,468,334,41,134,54,19,127,45,35,82
ironpinguin-serialized-php-parser,OK,72,29,72,29,678,316,43,362,69,27,409,181,42,228
Payment-Components-demo-sepa,OK,12,9,12,9,30,23,3,7,9,7,19,14,2,5
demidenko05-beigesoft-webstore,OK,46,31,46,31,127,83,15,44,45,30,126,82,15,44
craigwblake-redline,OK,15609,1042,15609,1042,136009,50192,14567,85817,15594,1029,112705,35962,14565,76743
jaeheonshim-ChessBoard,OK,36,11,36,11,612,584,25,28,35,10,611,583,25,28
qqilihq-property-editor,OK,49,19,49,19,168,68,30,100,47,18,166,67,29,99
etsy-arbiter,OK,4699,662,4699,662,58014,23408,4037,34606,4672,650,53260,20618,4022,32642
geosolutions-it-geoserver-manager,OK,13469,651,13469,651,58162,9424,12818,48738,13461,644,56020,7402,12817,48618
ceridwen-com-ceridwen-standard-interchange-protocol-library,OK,21434,363,22020,364,89832,6953,21656,82879,22006,351,82706,2443,21655,80263
Atrox-haikunatorjava,OK,52,12,52,12,235,56,40,179,51,11,234,55,40,179
msojocs-OmenChallengeHelper,OK,7,7,7,7,205,205,0,0,6,6,204,204,0,0
glenrobson-iiif-tiler,OK,56200,688,56274,697,106148,11302,55577,94846,56261,686,103441,9911,55575,93530
jbossas-staxmapper,OK,60,38,60,38,379,278,22,101,58,36,334,233,22,101
feiYouLian-jpinyin,OK,1710,52,1710,52,155996,87730,1658,68266,1705,48,58805,39095,1657,19710
houbb-nlp-hanzi-similar,OK,771952,301,771952,301,6741903,2507395,771651,4234508,771949,299,5763657,1996779,771650,3766878
javastar920905-mdbook,OK,250,18,250,18,381,134,232,247,249,17,373,126,232,247
hkhcoder-vprofile-project,OK,22702,980,22702,980,93031,18561,21722,74470,22627,960,80600,11245,21667,69355
aurbroszniowski-os-platform-finder,OK,12,9,12,9,117,72,3,45,10,8,45,36,2,9
BestCreater-SSM,OK,8,6,8,6,23,21,2,2,8,6,23,21,2,2
juandesi-email4j,OK,13293,507,13295,508,61319,13311,12787,48008,13281,498,60288,12492,12783,47796
heremaps-oksse,OK,12,11,12,11,270,148,1,122,8,8,22,22,0,0
KosherJava-zmanim,OK,27,12,27,12,663,324,15,339,24,10,94,39,14,55
etsy-statsd-jvm-profiler,OK,2747,511,2747,511,78245,70274,2236,7971,2720,491,60416,52480,2229,7936
olcaytaner-201-DataStructures-Java,OK,35,9,35,9,114,33,26,81,35,9,114,33,26,81
almson-almson-refcount,OK,5000233,27,5000233,27,5000314,99,5000206,5000215,5000230,24,5000284,69,5000206,5000215
rnorth-duct-tape,OK,136612,90,136612,90,141398,309,136522,141089,136607,86,141319,239,136521,141080
amihaiemil-zold-java-client,OK,280,165,280,165,70282,61268,115,9014,272,158,52871,52537,114,334
rockt-SETH,OK,1024000,449,1024000,449,6148800,546577,1023551,5602223,1023993,443,5740637,263273,1023550,5477364
shreyasht-java8-validator,OK,23,9,23,9,65,16,14,49,22,8,64,15,14,49
lizard-framework-lizard-spi,OK,73,8,73,8,272,54,65,218,70,6,240,23,64,217
yanceyZhang-wx-chatbot,OK,1286,358,1286,358,78349,65640,928,12709,1267,343,58899,55781,924,3118
vinhkhuc-lbfgs4j,OK,2,2,2,2,31,31,0,0,0,0,0,0,0,0
guoliao502-crypto,OK,17705,890,17763,900,120270,53094,16863,67176,17749,888,88019,31812,16861,56207
zhanyeye-DesSim,OK,4677,831,4748,837,100970,57121,3911,43849,4723,823,68561,24737,3900,43824
couchbaselabs-couchbase-capi-server,OK,35850,1135,35850,1135,184071,33391,34715,150680,35762,1117,166614,16004,34645,150610
jenkinsci-syslog-java-client,OK,64,43,66,45,512,351,21,161,60,40,322,250,20,72
g4s8-cactoos-crypto,OK,25,10,25,10,38,22,15,16,24,9,32,16,15,16
bestyize-DoubanAPI,OK,88,46,88,46,417,228,42,189,84,43,392,214,41,178
yfpeng-pengyifan-leetcode,OK,4810,323,4810,323,55235,23979,4487,31256,4800,316,38981,11351,4484,27630
dingjs-javaagent,OK,41,22,41,22,103,66,19,37,38,20,73,46,18,27
ChannelApe-shopify-sdk,OK,841758,4616,841759,4615,5533066,572841,837144,4960225,840732,4592,5028021,189811,836140,4838210
earcut4j-earcut4j,OK,10,8,10,8,72,54,2,18,10,8,72,54,2,18
c0ny1-captcha-killer,OK,162,61,162,61,461,221,101,240,158,58,415,188,100,227
jprante-elasticsearch-transport-websocket,OK,275897,6469,275915,6469,3362306,721393,269446,2640913,275695,6429,3239708,599082,269266,2640626
awslabs-amazon-sns-java-extended-client-lib,OK,667667,1533,667669,1535,2395309,77920,666134,2317389,667642,1517,2352706,50913,666125,2301793
bohnman-squiggly,OK,280697,1582,280697,1582,1047023,58971,279115,988052,280579,1571,997493,26562,279008,970931
BingAds-BingAds-Java-SDK,OK,422752,1991,422752,1991,3223417,192231,420761,3031186,421561,1981,3098276,125964,419580,2972312
tcurdt-jdeb,OK,319780,2571,319780,2571,1810543,398146,317209,1412397,318855,2551,1385634,97807,316304,1287827
datastax-native-protocol,OK,153772,3191,153772,3191,4459244,1542427,150581,2916817,153757,3177,4403575,1496614,150580,2906961
vlingo-xoom-auth,OK,186517,1646,186517,1646,3846858,3321123,184871,525735,186457,1632,564598,39000,184825,525598
BellaDati-belladati-sdk-java,OK,201974,2086,201974,2086,1371817,347791,199888,1024026,201404,2064,1111677,91718,199340,1019959
arey-spring-batch-toolkit,OK,600453,15158,600625,15207,3892310,1234693,585418,2657617,599632,15155,3557172,901147,584477,2656025
RagedUnicorn-github-release-maven-plugin,OK,39166,2959,39166,2959,2112796,2004250,36207,108546,39156,2950,2098464,1993564,36206,104900
neo-search-multiple-string-searcher,OK,33461,306,33461,306,2171567,2082946,33155,88621,33453,300,2170492,2082334,33153,88158
apache-maven-clean-plugin,OK,117613,956,117613,956,1120656,242801,116657,877855,117602,946,1008318,164125,116656,844193
huangp-entityunit,OK,461307,10751,461307,10751,3386009,536514,450556,2849495,460785,10714,3196729,415303,450071,2781426
apache-dubbo-hessian-lite,OK,304405,267,304405,267,4461090,454579,304138,4006511,304398,260,4156918,150407,304138,4006511
jtidy-jtidy,OK,61894,2393,61894,2393,1626330,1024557,59501,601773,61884,2384,1510250,946959,59500,563291
webjars-webjars-locator,OK,181498,1258,181498,1258,2049015,203013,180240,1846002,181403,1245,2038008,192238,180158,1845770
casbin-jcasbin,OK,259619,6306,259619,6306,1558060,384387,253313,1173673,257544,6283,1406806,303239,251261,1103567
reecetech-bamboo-specs,OK,188269,6932,188434,6984,2035564,839325,181450,1196239,188085,6958,1885547,723347,181127,1162200
gherynos-secrete,OK,11416,2094,11418,2096,1840048,1805709,9322,34339,11406,2086,67689,37204,9320,30485
victor-porcar-delayed-batch-executor,OK,201489,703,201489,703,1408726,359102,200786,1049624,201481,695,1202779,153155,200786,1049624
EnterpriseQualityCoding-FizzBuzzEnterpriseEdition,OK,490623,859,490623,859,4939886,179973,489764,4759913,479648,849,4693339,22791,478799,4670548
valfirst-jbehave-junit-runner,OK,752166,4677,752166,4677,3366447,314489,747489,3051958,752007,4635,3288057,263981,747372,3024076
amazon-archives-dynamodb-key-diagnostics-library,OK,369229,2459,369229,2459,1977565,140903,366770,1836662,369189,2442,1927906,111790,366747,1816116
binance-binance-futures-connector-java,OK,47505,2669,47505,2669,1534145,1040096,44836,494049,47484,2650,1493888,1000859,44834,493029
psjava-psjava,OK,49618,1241,49618,1241,3791886,2032606,48377,1759280,49609,1234,790156,31523,48375,758633
io7m-aeron-guide,OK,786133,42,786133,42,1965418,167,786091,1965251,786128,38,1965384,136,786090,1965248
Mastercard-client-encryption-java,OK,375740,8606,375740,8606,2719557,1252177,367134,1467380,375710,8588,2648171,1196889,367122,1451282
tauris-io-expression,OK,707609,1352,707609,1352,3188364,223217,706257,2965147,707602,1345,3012889,47742,706257,2965147
apache-maven-source-plugin,OK,204622,1016,204622,1016,2217671,371351,203606,1846320,204612,1007,2047207,252653,203605,1794554
smartsheet-platform-smartsheet-java-sdk,OK,410829,4852,410829,4852,1952393,288852,405977,1663541,410605,4832,1857616,233617,405773,1623999
twitter-joauth,OK,679317,306,679317,306,2210518,131272,679011,2079246,679309,299,2088437,9226,679010,2079211
orphan-oss-launch4j-maven-plugin,OK,389768,5382,389768,5382,3702070,2477318,384386,1224752,389747,5362,3657071,2446934,384385,1210137
AshisRaj-cucelastic-maven-plugin,OK,178209,2574,178209,2574,1292595,280898,175635,1011697,178177,2555,1236571,229834,175622,1006737
riversun-bigdoc,OK,1992,104,1992,104,1067197,19438,1888,1047759,1990,102,1067126,19367,1888,1047759
uber-common-jvm-profiler,OK,2589,534,2589,534,1627613,1612881,2055,14732,2565,520,1621455,1608100,2045,13355
parship-roperty,OK,288669,2368,288669,2368,1070936,52752,286301,1018184,288613,2342,1049054,38194,286271,1010860
NetherlandsForensicInstitute-kafka-spout,OK,893231,4010,893315,4056,4137151,1054328,889259,3082823,893275,4021,4064180,1006738,889254,3057442
fhoeben-hsac-fitnesse-plugin,OK,1218907,2857,1218907,2857,4277391,170624,1216050,4106767,1218889,2843,4241283,139747,1216046,4101536
ThoughtWire-hazelcast-locks,OK,71424,3979,71424,3979,1021484,648481,67445,373003,71399,3960,905297,532841,67439,372456
sysco-middleware-kafka-client-collector,OK,44936,6786,45010,6798,1250558,1024829,38212,225729,44443,6772,1239169,1018941,37671,220228
Workday-timeseries-forecast,OK,148432,42,148432,42,4321365,1748488,148390,2572877,148430,40,2579082,6205,148390,2572877
Blazemeter-xtn5250,OK,53949,1108,53953,1109,4348888,239027,52844,4109861,53942,1099,4338126,231998,52843,4106128
cloudspannerecosystem-pgadapter,OK,662884,2688,662884,2688,2626857,108110,660196,2518747,662839,2650,2568805,70408,660189,2498397
fasseg-exp4j,OK,203619,227,203619,227,1704729,419694,203392,1285035,203613,222,950458,1972,203391,948486
ferstl-depgraph-maven-plugin,OK,574929,5252,574929,5252,2835070,298394,569677,2536676,574433,5228,2627099,166172,569205,2460927
yinlou-mltk,OK,8869,452,8869,452,1789040,276772,8417,1512268,8859,444,1786955,275182,8415,1511773
uprotocol-platform-java,OK,383232,2494,383232,2494,1725631,448079,380738,1277552,383220,2483,1255239,135052,380737,1120187
Kurento-kurento-module-creator,OK,185245,1425,185245,1425,1488432,117536,183820,1370896,185165,1413,1458160,99199,183752,1358961
osglworks-java-tool,OK,116592,1882,116593,1882,3079527,1295578,114711,1783949,116395,1864,2951196,1174225,114531,1776971
sparkapi-SparkJava,OK,95318,1314,95318,1314,1068781,123419,94004,945362,94497,1298,907944,42724,93199,865220
ycdtbs-Face-recognition-login,OK,111592,4180,111641,4193,1318848,112392,107448,1206456,111169,4158,1278921,88413,107011,1190508
shazam-shazamcrest,OK,167793,861,167793,861,1617792,151912,166932,1465880,167783,853,1522669,99078,166930,1423591
EsotericSoftware-yamlbeans,OK,56286,7449,56286,7449,1353776,883053,48837,470723,56278,7443,1345888,878693,48835,467195
joelittlejohn-embedmongo-maven-plugin,OK,159613,4529,159613,4529,2144115,1334719,155084,809396,159552,4510,2049395,1273501,155042,775894
vaulttec-sonar-auth-oidc,OK,258331,2666,258331,2666,1023534,69098,255665,954436,258264,2628,989758,47771,255636,941987
vmzakharov-dataframe-ec,OK,638590,2188,638590,2188,3023659,168192,636402,2855467,638575,2174,2852085,78533,636401,2773552
binance-binance-connector-java,OK,104311,5465,104317,5465,5931463,4786662,98852,1144801,104300,5449,5804037,4666395,98851,1137642
darmiel-eeee,OK,9093,1021,9093,1021,1027972,915851,8072,112121,9090,1019,1024164,913946,8071,110218
houbb-pinyin,OK,671467,389,671467,389,3531224,1676897,671078,1854327,671463,386,2802875,1291228,671077,1511647
netceteragroup-trema-core,OK,365806,2692,365898,2711,1460989,183519,363187,1277470,365873,2690,1402219,142778,363183,1259441
520github-fw-perf-test,OK,45,14,45,14,4000422,4000109,31,313,42,11,400,87,31,313
jericks-parboiled-wkt,OK,337340,1556,337340,1556,1349285,172638,335784,1176647,337332,1549,1159382,60971,335783,1098411
contentful-contentful-management.java,OK,282366,1443,282369,1443,3815722,880578,280926,2935144,282352,1428,3193462,506797,280924,2686665
contentful-contentful.java,OK,251839,3310,251839,3310,1494831,205549,248529,1289282,251712,3284,1281405,60836,248428,1220569
dropwizard-dropwizard-elasticsearch,OK,146494,4503,146499,4504,1175016,228995,141995,946021,146272,4463,1109796,189724,141809,920072
gini-dropwizard-gelf,OK,178465,8717,178465,8717,1063745,289804,169748,773941,178261,8675,997275,237908,169586,759367
openshift-openshift-restclient-java,OK,1166739,4978,1166739,4978,4435074,302619,1161761,4132455,1166612,4932,4226834,174970,1161680,4051864
TNG-property-loader,OK,330482,2470,330482,2470,1121517,52298,328012,1069219,330291,2432,1093372,33693,327859,1059679
jfaster-mango,OK,512636,3800,512636,3800,2210239,248338,508836,1961901,512119,3777,2082609,121204,508342,1961405
vert-x3-vertx-docgen,OK,16882,1215,16882,1215,1847570,1545166,15667,302404,16876,1210,1843520,1542935,15666,300585
mbronshteyn-quarkus-jdbi-project,OK,336459,10682,336460,10683,2197284,940388,325777,1256896,336208,10637,2024750,768060,325571,1256690
duguying-pinyin,OK,275018,31,275018,31,1038852,47959,274987,990893,275016,30,943088,77,274986,943011
apache-maven-compiler-plugin,OK,359149,2592,359149,2592,3219106,476693,356557,2742413,359128,2576,2986365,315832,356552,2670533
abahgat-suffixtree,OK,564358,837,564358,837,2297609,354784,563521,1942825,564354,834,2035591,93644,563520,1941947
wnameless-workbook-accessor,OK,386756,4068,386756,4068,2716258,395487,382688,2320771,386479,4053,2597744,326531,382426,2271213
mdewilde-podcast-parser,OK,92114,997,92116,999,2737904,2581902,91117,156002,92101,985,2579688,2424730,91116,154958
jqassistant-archive-jqa-javaee6-plugin,OK,482360,2258,482360,2258,1888124,64102,480102,1824022,482273,2242,1842876,33433,480031,1809443
apache-maven-site-plugin,OK,123024,1939,123026,1940,1296422,382656,121086,913766,123006,1922,1189273,311257,121084,878016
tcurdt-jdependency,OK,1019528,1174,1019528,1174,4584255,875202,1018354,3709053,1019520,1167,3671100,38048,1018353,3633052
dmeoli-WS4J,OK,962089,909,962089,909,3345371,407526,961180,2937845,962080,901,2847163,15116,961179,2832047
massigerardi-ta4j-strategy-parser,OK,383907,984,383907,984,1507135,96780,382923,1410355,383902,980,1391375,38362,382922,1353013
lukas-vlcek-elasticsearch.demo,OK,147497,7804,147499,7805,1397891,453390,139694,944501,147283,7770,1334725,390519,139513,944206
takashi-ishio-selogger,OK,439852,555,439852,555,1776308,97004,439297,1679304,439842,546,1706453,48104,439296,1658349
apache-sling-org-apache-sling-scripting-sightly,OK,604006,3984,604006,3984,2733268,219750,600022,2513518,603783,3941,2672351,179131,599842,2493220
houbb-word-checker,OK,10532,239,10532,239,2287642,1970155,10293,317487,10526,234,1710524,1679967,10292,30557
tommyettinger-RegExodus,OK,711707,6069,711707,6069,3676079,2195807,705638,1480272,711703,6066,3664895,2185057,705637,1479838
dmak-jaxb-xew-plugin,OK,328727,2999,328727,2999,1161151,77208,325728,1083943,328692,2984,1131501,59118,325708,1072383
berndporr-iirj,OK,514897,143,514897,143,1290127,428,514754,1289699,514896,142,1290124,425,514754,1289699
floppylab-markdown2document,OK,226778,1074,226778,1074,2217384,105279,225704,2112105,226761,1061,2136788,62904,225700,2073884
jtmelton-attack-surface-analyzer,OK,166811,4269,166811,4269,1447521,606555,162542,840966,166800,4259,1384363,569428,162541,814935
xuanbo-dag-executor,OK,781308,162,781682,162,1380256,1019,781520,1379237,781675,156,1380080,901,781519,1379179
indexdata-cql-java,OK,266619,1598,266619,1598,1390604,149429,265021,1241175,266618,1597,1390602,149427,265021,1241175
Harium-keel,OK,4763,702,4763,702,1290853,1268601,4061,22252,4754,695,1290761,1268535,4059,22226
EXIficient-exificient-core,OK,11998,402,11998,402,1707524,1671004,11596,36520,11992,397,1707056,1670718,11595,36338
smallnest-fastjson-jaxrs-json-provider,OK,250071,3353,250071,3353,1681478,220114,246718,1461364,249750,3331,1584455,131229,246419,1453226
uPortal-Project-WebproxyPortlet,OK,273849,2877,273849,2877,1083821,122916,270972,960905,273797,2852,1038161,95410,270945,942751
mmastrac-nanojson,OK,112300,281,112302,282,2684012,1239139,112020,1444873,112295,276,2650100,1218036,112019,1432064
ManuelB-facebook-recommender-demo,OK,645509,162,645509,162,4923221,1143,645347,4922078,645500,155,4923114,1078,645345,4922036
dreezey-argon2-password-hash-provider,OK,410,137,410,137,1473303,1472573,273,730,398,128,1336,743,270,593
davidmoten-rxjava-jdbc,OK,310228,1922,310228,1922,1153729,58142,308306,1095587,310116,1904,1126683,40242,308212,1086441
tripluo-jrouter,OK,422486,2801,422525,2809,1934964,113245,419716,1821719,422388,2788,1831333,57246,419600,1774087
ECharts-Java-ECharts-Java,OK,57630,1709,57630,1709,1880675,630527,55921,1250148,57624,1704,1793727,586160,55920,1207567
alanhay-html-exporter,OK,626681,5864,626796,5886,2920445,312213,620910,2608232,626564,5855,2798350,234302,620709,2564048
jillesvangurp-osm2geojson,OK,651787,742,651787,742,4411534,1047954,651045,3363580,651772,730,4142750,902779,651042,3239971
keith0591-pgp-encryption,OK,8697,275,8697,275,4615184,2654194,8422,1960990,8686,265,3873530,1915580,8421,1957950
rsatrio-Keycloak-Federation-ExistingDB,OK,714838,6504,714838,6504,3491627,428838,708334,3062789,714810,6491,3435615,392453,708319,3043162
Tsovak-selenium-wrapper-framework,OK,8002,520,8006,523,2806452,12708,7483,2793744,7978,508,2801646,10304,7470,2791342
aled-jsi,OK,581999,1295,581999,1295,3255820,429222,580704,2826598,581989,1286,2939729,113344,580703,2826385
flowscolors-kube-eventer4j,OK,191419,3874,191456,3883,1942485,134528,187573,1807957,190609,3854,1882613,96767,186755,1785846
ppke-nlpg-purepos,OK,625253,629,625253,629,1845299,606204,624624,1239095,625246,623,1841373,604194,624623,1237179
RIGS-IT-sonar-xanitizer,OK,194585,526,194585,526,2675991,247121,194059,2428870,194575,518,2546724,178654,194057,2368070
Pablissimo-SonarTsPlugin,OK,395572,3009,395572,3009,1416836,150149,392563,1266687,395517,2978,1378179,124075,392539,1254104
dikhan-pagerduty-client,OK,283295,5033,283505,5035,2207612,551769,278470,1655843,283133,5013,2003367,381860,278120,1621507
ferstl-spring-jdbc-oracle,OK,617935,2702,618014,2712,2442616,126756,615302,2315860,617978,2690,2384633,88915,615288,2295718
sbesada-java.math.numerical.library,OK,1297684,407,1297684,407,3733696,13955,1297277,3719741,1297684,407,3733696,13955,1297277,3719741
NLP2RDF-NIF-lib,OK,110248,3502,110250,3504,2055282,1066739,106746,988543,110226,3484,1861642,880716,106742,980926
Barteks2x-173generator,OK,214113,85,214113,85,1987978,655451,214028,1332527,214106,79,928763,54416,214027,874347
javamonkey-beetl2.0,OK,355139,3630,355139,3630,1795999,250499,351509,1545500,355125,3619,1660395,168139,351506,1492256
ferstl-pedantic-pom-enforcers,OK,377209,2716,377209,2716,1355849,79250,374493,1276599,377180,2690,1323609,58032,374490,1265577
amazon-archives-aws-ssm-java-caching-client,OK,530742,1928,530802,1951,2037465,234415,528851,1803050,530783,1934,1999452,209867,528849,1789585
indrabasak-bouncycastle-fips-examples,OK,87757,2015,87757,2015,1104428,736689,85742,367739,87746,2005,1006421,671996,85741,334425
smola-galimatias,OK,422933,1770,422933,1770,2748333,174047,421163,2574286,422922,1760,2615423,41217,421162,2574206
dpaukov-combinatoricslib,OK,708660,715,708660,715,1940503,289621,707945,1650882,708657,712,1939776,288894,707945,1650882
phax-ph-events,OK,3723,204,3723,204,1510452,1401353,3519,109099,3714,196,1309183,1300675,3518,8508
apache-sling-org-apache-sling-servlets-resolver,OK,692935,4309,692935,4309,3255483,279054,688626,2976429,689711,4277,3004702,127495,685434,2877207
mattdavey-EuronextClone,OK,35235,2152,35235,2152,3071220,140730,33083,2930490,35221,2139,3053410,130316,33082,2923094
mulesoft-catalyst-mule-sonarqube-plugin,OK,80635,1408,80709,1417,1059149,310630,79292,748519,80696,1406,1027770,282184,79290,745586
janssk1-maven-graph-plugin,OK,168000,953,168000,953,1445845,224276,167047,1221569,167934,939,1276284,98340,166995,1177944
Heroicai0101-abtest,OK,1040124,48,1040124,48,2402440,1033,1040076,2401407,1040121,46,2402330,972,1040075,2401358
f4b6a3-ulid-creator,OK,164289,23,164289,23,1900288,1322044,164266,578244,164286,20,578286,42,164266,578244
alexcojocaru-elasticsearch-maven-plugin,OK,299307,2066,299311,2067,1038341,112058,297244,926283,299277,2038,993726,85297,297239,908429
dropwizard-dropwizard-health,OK,573250,7514,573280,7514,3129615,349725,565766,2779890,572851,7462,2985542,252211,565389,2733331
stupid1t-poi-excel,OK,86039,3817,86041,3818,4941561,877515,82223,4064046,85676,3807,4867576,833684,81869,4033892
qoomon-banking-swift-messages-java,OK,1324209,2234,1324209,2234,4573908,157475,1321975,4416433,1324187,2213,4496894,106820,1321974,4390074
googleapis-java-pubsub-group-kafka-connector,OK,198919,3763,198919,3763,1472008,820558,195156,651450,198723,3736,1444528,803158,194987,641370
c-rack-cbor-java,OK,801664,275,801664,275,2806819,2635,801389,2804184,801660,272,2806572,2500,801388,2804072
intuit-graphql-filter-java,OK,568786,1624,568786,1624,1578071,119755,567162,1458316,557789,1595,1484223,65273,556194,1418950
Mastercard-oauth1-signer-java,OK,201070,209,201070,209,3317768,2758,200861,3315010,201051,193,3316689,2066,200858,3314623
Ardesco-Query,OK,877901,2247,877901,2247,3811078,115307,875654,3695771,877879,2226,3753055,78136,875653,3674919
venushka-jmxeval,OK,341447,2636,341527,2643,1198851,65214,338884,1133637,341474,2612,1165827,43444,338862,1122383
j256-simplemagic,OK,326536,1732,326536,1732,11541372,94222,324804,11447150,326523,1721,11530355,88664,324802,11441691
pagehelper-Mybatis-PageHelper,OK,386469,4738,386470,4739,45768202,1304867,381731,44463335,386382,4718,45653899,1191260,381664,44462639
kohsuke-wordnet-random-name,OK,2971623,6,2971623,6,11892482,1488829,2971617,10403653,2971622,5,10406689,3036,2971617,10403653
yurelle-Base45Encoder,OK,21656,10042,21656,10042,37563320,37515357,11614,47963,21656,10042,37563320,37515357,11614,47963
palindromicity-simple-syslog,OK,11170071,2411,11170071,2411,30779405,1065006,11167660,29714399,11170066,2407,30743307,1046090,11167659,29697217
NLPchina-ansj_seg,OK,5303587,10553,5303587,10553,40874005,27977806,5293034,12896199,5303574,10544,22948040,12092240,5293030,10855800
Ant-Grand-Grand,OK,3041044,1521,3041044,1521,16538818,1318207,3039523,15220611,3041032,1511,14959047,184580,3039521,14774467
killbilling-recurly-java-library,OK,2276093,3321,2276093,3321,24801098,1370461,2272772,23430637,2262744,3311,22792420,292343,2259433,22500077
6tail-tyme4j,OK,28020,4102,28020,4102,12030788,11819644,23918,211144,28017,4100,12030760,11819628,23917,211132
sonatype-heuristic-version,OK,5156862,3909,5156862,3909,25290820,1625330,5152953,23665490,5156852,3901,22708330,288902,5152951,22419428
steveash-jopenfst,OK,129824,4813,129824,4813,14621050,12214349,125011,2406701,129815,4805,14588278,12182153,125010,2406125
aelstad-keccakj,OK,10370649,122,10370649,122,26535352,528352,10370527,26007000,10370643,117,26445063,438072,10370526,26006991
jhunters-jprotobuf,OK,77354,11503,77354,11503,36859767,33493741,65851,3366026,77339,11489,36815576,33457283,65850,3358293
nothingax-micro-DB,OK,2117700,1051,2117700,1051,20169017,841419,2116649,19327598,2117695,1047,19738590,607634,2116648,19130956
thegedge-java-radix-tree,OK,2349890,3168,2349890,3168,30638782,1092036,2346722,29546746,2349883,3163,30025606,785444,2346720,29240162
thomasmueller-minperf,OK,6734109,419,6734109,419,65572250,39455179,6733690,26117071,6734102,414,61108501,36308992,6733688,24799509
spdx-Spdx-Java-Library,OK,1442936,63327,1442936,63327,41917496,30409601,1379609,11507895,1442922,63315,40720588,29798244,1379607,10922344
apache-commons-codec,OK,3797696,20052,3797696,20052,25192442,7316316,3777644,17876126,3797652,20043,23875668,6153972,3777609,17721696
thomasmueller-tinyStats,OK,4071855,867,4071855,867,61086114,19677763,4070988,41408351,4071850,863,58479039,17071010,4070987,41408029
kungfoo-geohash-java,OK,2491811,223761,2491811,223761,25338666,11867581,2268050,13471085,2491809,223759,25276205,11805120,2268050,13471085
peterbencze-serritor,OK,216262,12755,216262,12755,10469967,9314566,203507,1155401,216244,12745,10454334,9303943,203499,1150391
Fundynamic-dune2themaker4j,OK,1596202,4522,1596202,4522,12226806,1662382,1591680,10564424,1596158,4483,9199249,130280,1591675,9068969
open-eid-cdoc4j,OK,99356,733,99356,733,32636949,32286618,98623,350331,99342,720,346436,12557,98622,333879
printingin3d-javascad,OK,5255692,7229,5255692,7229,34153729,3338321,5248463,30815408,5253796,7212,34136356,3327534,5246584,30808822
JetBrains-jetCheck,OK,7921761,1712,7921761,1712,25608545,651711,7920049,24956834,7921755,1707,25346728,463787,7920048,24882941
bingoohuang-excel2javabeans,OK,238447,12072,238447,12072,36248569,34562147,226375,1686422,233476,12053,35868713,34341404,221423,1527309
jenkinsci-custom-distribution-service,OK,2865181,8158,2865285,8165,44071941,1294916,2857120,42777025,2863084,8121,42722473,596021,2854963,42126452
mduerig-json-jerk,OK,756387,1774,756387,1774,30156319,107502,754613,30048817,756384,1772,30148095,103388,754612,30044707
f4b6a3-tsid-creator,OK,657893,162,657893,162,18556718,13590957,657731,4965761,657888,158,1883454,118180,657730,1765274
yegor256-cactoos,OK,339144,1702,339144,1702,18524687,17252665,337442,1272022,339131,1691,18522969,17251438,337440,1271531
theborakompanioni-thymeleaf-extras-shiro,OK,49803,4537,49803,4537,10588587,5672778,45266,4915809,49631,4524,10568210,5656330,45107,4911880
amazon-ion-ion-docs,OK,2770359,2074,2770359,2074,12104127,613744,2768285,11490383,2770354,2070,11114140,108726,2768284,11005414
StarlangSoftware-Corpus,OK,421992,366,421992,366,18373295,6248880,421626,12124415,421989,364,8452845,1288654,421625,7164191
MRPanyu-excel-imp-exp,OK,217726,6580,217726,6580,11187269,8961828,211146,2225441,207440,6558,10592566,8661691,200882,1930875
robert-bor-aho-corasick,OK,97068,397,97068,397,20366933,13998219,96671,6368714,97060,391,20364664,13996932,96669,6367732
zhaolihe-useragent-parser,OK,79001,5131,79001,5131,21830575,12366095,73870,9464480,78993,5124,21630483,12185305,73869,9445178
paypal-Gibberish-Detector-Java,OK,716145,8323,716145,8323,50864133,3981296,707822,46882837,716142,8321,50864019,3981237,707821,46882782
CodeShield-Security-Log4JShell-Bytecode-Detector,OK,198856,5521,198856,5521,57914291,19814415,193335,38099876,198851,5517,57891858,19791988,193334,38099870
tdebatty-java-string-similarity,OK,339,105,339,105,10434205,5217101,234,5217104,334,101,867616,433771,233,433845
apache-commons-jxpath,OK,381095,1425,381095,1425,23481315,22685000,379670,796315,381081,1412,23339182,22596581,379669,742601
alfasoftware-soapstone,OK,1573617,8527,1573617,8527,11308446,1383935,1565090,9924511,1571849,8496,10621481,808164,1563353,9813317
leonhad-paradoxdriver,OK,4564491,2230,4564491,2230,42412543,5651467,4562261,36761076,4564480,2220,37008616,247876,4562260,36760740
ruddell-jhipster-chat-example,OK,1008627,11654,1008627,11654,63358470,60105108,996973,3253362,1008522,11619,63235368,60015976,996903,3219392
apache-maven-war-plugin,OK,964035,1320,964036,1319,10495734,1309809,962717,9185925,963920,1307,9680673,745636,962613,8935037
kolchagov-java-crud-api,OK,1022245,2748,1022245,2748,13059427,3501701,1019497,9557726,1022241,2745,13056819,3500104,1019496,9556715
JavaMoney-jsr354-ri-bp,OK,6153534,568,6153534,568,19769056,1492237,6152966,18276819,6153524,558,18285324,8505,6152966,18276819
aurbroszniowski-Rainfall-core,OK,100763,77,100763,77,24948167,12298466,100686,12649701,100758,73,753058,200903,100685,552155
MutabilityDetector-MutabilityDetector,OK,350199,5667,350199,5667,15101945,9303688,344532,5798257,349793,5650,1652113,246303,344143,1405810
HdrHistogram-HdrHistogram,OK,1757633,4060,1757633,4060,49304817,13091339,1753573,36213478,1757629,4056,49304602,13091124,1753573,36213478
apache-maven-shade-plugin,OK,2240328,13732,2240330,13733,48189134,33930679,2226597,14258455,2240295,13712,48047578,33823148,2226583,14224430
cowtowncoder-java-cachemate,OK,4000060,20,4000060,20,15000782,500367,4000040,14500415,4000058,19,14000394,173,4000039,14000221
yomorun-hashids-java,OK,11001073,42,11001073,42,30506381,2000495,11001031,28505886,11001073,42,30506381,2000495,11001031,28505886
bonnyfone-vectalign,OK,4067789,16208,4067789,16208,26952214,5986066,4051581,20966148,4067787,16206,26471253,5505105,4051581,20966148
jahlborn-jackcessencrypt,OK,161964,13716,161964,13716,19370159,13009222,148248,6360937,161949,13703,18475337,12132610,148246,6342727
cternes-openkeepass,OK,561922,19737,561922,19737,27875930,25128589,542185,2747341,561910,19727,27649498,25014001,542183,2635497
jjohannes-gradle-module-metadata-maven-plugin,OK,209940,18911,209940,18911,90860857,90077750,191029,783107,209926,18899,90750880,90002033,191027,748847
tdebatty-java-LSH,OK,9014,590,9014,590,20031016,7424047,8424,12606969,9008,585,12521978,2416003,8423,10105975
imagej-example-script-collection,OK,4739886,2637,4739886,2637,11866007,468910,4737249,11397097,4739860,2619,11671497,349337,4737241,11322160
matthiaszimmermann-ethereum-paper-wallet,OK,15719,879,15719,879,29157649,29030378,14840,127271,15710,871,146479,23527,14839,122952
sangupta-murmur,OK,105,60,105,60,50054552,47607877,45,2446675,104,59,50054551,47607876,45,2446675
CurrencyCloud-currencycloud-java,OK,1396946,12982,1396946,12982,17758944,2517821,1383964,15241123,1393980,12949,17130090,2045202,1381031,15084888
OWASP-json-sanitizer,OK,61977,12565,61977,12565,3967692,3681071,49412,286621,61971,12560,3966417,3679893,49411,286524
iipc-webarchive-commons,OK,500176,10055,500176,10055,40353403,10936098,490121,29417305,500155,10037,40257376,10844372,490118,29413004
zhongxunking-sync,OK,96954,24278,96954,24278,23900390,23392803,72676,507587,96947,24273,23779637,23296655,72674,482982
icon-Systemhaus-GmbH-javassist-maven-plugin,OK,137910,7591,137910,7591,19192626,18720363,130319,472263,137899,7581,19144686,18683823,130318,460863
zalandoresearch-zap,OK,2024512,8452,2024512,8452,40315005,20390647,2016060,19924358,2024333,8432,11983646,6214998,2015901,5768648
getodk-javarosa,OK,7172828,10062,7172828,10062,58061889,2120283,7162766,55941606,7172810,10045,57492823,1599915,7162765,55892908
OnlineCodex-OnlineCodex,OK,457760,40777,457760,40777,94120954,38060530,416983,56060424,457750,40768,94002071,37996626,416982,56005445
tomwhite-set-game,OK,2149539,36785,2149539,36785,30728357,5834719,2112754,24893638,2149530,36777,30071805,5178505,2112753,24893300
mlieshoff-jcrapi,OK,1297471,3440,1297471,3440,20330118,16019577,1294031,4310541,1297456,3426,20134660,15908359,1294030,4226301
serg472-htmlcompressor,OK,771885,7901,771885,7901,59492745,9563210,763984,49929535,771868,7888,59228783,9396610,763980,49832173
Francesco149-koohii,OK,21359,4783,21359,4783,13268181,6446946,16576,6821235,21358,4782,13266391,6445156,16576,6821235
andylamp-BPlusTree,OK,7340766,1167,7340766,1167,56708980,224543,7339599,56484437,7340764,1165,56708951,224514,7339599,56484437
kazuhikoarase-jaconv,OK,151,34,151,34,1477,662,117,815,148,32,494,170,116,324
flipkart-incubator-databuilderframework,OK,52175545,1419,52175545,1419,162873344,16578489,52174126,146294855,51687365,1404,146117170,311457,51685961,145805713
hevoio-recoverable-kafka-producer,OK,317,186,317,186,2148,1453,131,695,308,180,1614,1039,128,575
mixer-beam-client-java,OK,226,110,226,110,2214,1163,116,1051,217,102,1597,787,115,810
moznion-java-random-string,OK,586,66,586,66,1644,423,520,1221,583,64,1632,415,519,1217
intel-jndn-mock,OK,1392,123,1392,123,4255,421,1269,3834,1388,120,4104,341,1268,3763
trganda-yaml2http,OK,16302,1664,16302,1664,311203,221433,14638,89770,16242,1655,292679,205117,14587,87562
tacitknowledge-jcr-mock,OK,2708,191,2708,191,9730,1093,2517,8637,2704,188,9063,753,2516,8310
Nilhcem-FakeSMTP,OK,715,243,716,244,6511,4103,472,2408,705,234,6136,3898,471,2238
danielwegener-logback-kafka-appender,OK,62814,1965,62814,1965,433214,67494,60849,365720,62556,1947,422489,60847,60609,361642
amazon-archives-aws-dynamodb-stream-eventbridge-fanout,OK,212546,2059,212669,2081,717009,52553,210588,664456,212634,2060,698359,40656,210574,657703
tud-fop-j-Algo,OK,762,45,762,45,1511,155,717,1356,761,44,1510,154,717,1356
habernal-confusion-matrix,OK,7756,744,7756,744,504495,315791,7012,188704,7750,741,471238,298061,7009,173177
google-escapevelocity,OK,52512,1223,52512,1223,455274,113333,51289,341941,52051,1212,322790,25013,50839,297777
philihp-weblabora,OK,35115,839,35115,839,583917,27934,34276,555983,35108,833,575287,19905,34275,555382
scijava-scripting-clojure,OK,266888,951,266888,951,992600,119504,265937,873096,266875,939,903022,46970,265936,856052
awslabs-aws-codepipeline-custom-job-worker,OK,165521,2986,165623,3018,744770,122296,162605,622474,165570,2997,699418,97067,162573,602351
kwart-demo-kerberos-in-java,OK,715,155,715,155,2744,938,560,1806,705,147,2466,700,558,1766
AuthorizeNet-sample-code-java,OK,25996,655,26073,665,200211,81290,25408,118921,26057,651,161569,60744,25406,100825
eclipse-jbom,OK,74459,1399,74459,1399,456630,139819,73060,316811,74364,1389,349118,39176,72975,309942
xjodoin-torpedoquery,OK,89335,1609,89335,1609,469041,39253,87726,429788,89322,1597,446296,25934,87725,420362
fordfrog-ruian2pgsql,OK,422,157,422,157,2476,1049,265,1427,422,157,2476,1049,265,1427
ztelur-consistent-hash-algorithm,OK,6991,26,6991,26,637266,605358,6965,31908,6986,23,626624,601676,6963,24948
fsantiag-sonar-clojure,OK,45329,1626,45329,1626,202311,18486,43703,183825,45309,1612,197548,15344,43697,182204
RKumsher-utils,OK,444,133,444,133,8896,8090,311,806,441,130,8863,8057,311,806
sgoertzen-sonar-break-maven-plugin,OK,1014,241,1014,241,7445,2719,773,4726,1003,235,6469,2150,768,4319
roskart-dropwizard-jaxws,OK,38889,1848,38889,1848,265879,37182,37041,228697,38731,1814,228672,16681,36917,211991
pmlopes-aws-lambda-native-vertx,OK,1852,169,1852,169,7357,3251,1683,4106,1843,161,6737,2920,1682,3817
wxynihao-book118-downloader,OK,23886,670,23886,670,209941,74712,23216,135229,23375,662,176703,59316,22713,117387
mikera-randomz,OK,118,104,118,104,5013,4999,14,14,115,102,4969,4956,13,13
jprante-elasticsearch-csv,OK,35125,3383,35170,3393,524785,280734,31777,244051,35128,3367,501868,267190,31761,234678
rpau-javalang,OK,67945,1686,67945,1686,535463,99315,66259,436148,67939,1681,535291,99145,66258,436146
spotify-hdfs2cass,OK,687,137,687,137,4178,2064,550,2114,678,130,1685,650,548,1035
palatable-shoki,OK,48055,390,48055,390,551567,227138,47665,324429,48044,381,550104,225703,47663,324401
cjmatta-kafka-connect-irc,OK,143,49,143,49,1770,820,94,950,137,44,1614,736,93,878
sndyuk-logback-more-appenders,OK,14995,2176,15049,2194,538174,369262,12855,168912,14980,2176,524446,361841,12804,162605
cloudbees-oss-zendesk-java-client,OK,73481,3407,73481,3407,455823,147582,70074,308241,73289,3382,407549,121008,69907,286541
levigo-jbig2-imageio,OK,16000,399,16000,399,538428,182407,15601,356021,15996,396,535990,180802,15600,355188
ixa-ehu-ixa-pipe-tok,OK,248,46,248,46,1452,458,202,994,244,43,1024,240,201,784
Gikkman-Java-Twirk,OK,909,164,909,164,5428,2236,745,3192,902,158,4548,1786,744,2762
lfkdsk-bnf-ast,OK,639,115,639,115,1842,420,524,1422,633,110,1740,342,523,1398
jvirtanen-config-extras,OK,927,91,927,91,3833,562,836,3271,921,86,3761,514,835,3247
Guo-xm-mybatis-expand,OK,54459,189,54459,189,467914,2753,54270,465161,54451,182,467308,2260,54269,465048
huiwang-cracking-the-coding-interview,OK,971,192,971,192,3726,1704,779,2022,967,189,3504,1535,778,1969
wso2-config-mapper,OK,56332,2241,56332,2241,329227,94074,54091,235153,56211,2214,296711,75933,53997,220778
semuxproject-evm,OK,178322,2842,178324,2844,970384,295239,175480,675145,178095,2817,843759,180856,175278,662903
vincentrussell-java-ini-parser,OK,515,135,515,135,3035,1601,380,1434,478,126,1437,806,352,631
JCVenterInstitute-VIGOR4,OK,35926,1975,35985,1988,381562,67939,33997,313623,35806,1964,362209,55291,33842,306918
jchambers-jeospatial,OK,442,101,442,101,3095,767,341,2328,436,96,3050,728,340,2322
zeroturnaround-maven-jrebel-plugin,OK,139,46,139,46,1439,731,93,708,134,42,716,364,92,352
magdel-MapNav,OK,45,10,45,10,3936,3890,35,46,40,6,44,8,34,36
d-plaindoux-suitcase,OK,1458,81,1458,81,3253,385,1377,2868,1453,77,3210,349,1376,2861
hoijui-ReZipDoc,OK,1031,176,1031,176,4709,1283,855,3426,1027,173,4643,1231,854,3412
gatanaso-multiselect-combo-box-flow,OK,1296,89,1296,89,5825,1208,1207,4617,1290,84,4414,382,1206,4032
badlogic-basis-template,OK,2869,287,2869,287,8218,2620,2582,5598,2859,278,7016,1940,2581,5076
lightningMan-flash-netty,OK,697,185,697,185,3085,1026,512,2059,687,176,2516,689,511,1827
kabutz-striped-executor-service,OK,1265,56,1265,56,7611,493,1209,7118,1261,53,7397,377,1208,7020
gabrie-allaigre-sonar-gitlab-plugin,OK,72567,1774,72567,1774,488778,152826,70793,335952,72535,1750,390209,86598,70785,303611
mirabeau-nl-ceddl4j,OK,25728,936,25728,936,257212,56462,24792,200750,25272,929,228393,41975,24343,186418
tdunning-open-json,OK,133340,459,133342,460,342140,5979,132882,336161,133334,454,340986,5326,132880,335660
java-sepa-xml-java-sepa-xml,OK,472,67,472,67,4295,885,405,3410,469,65,4165,818,404,3347
msarhan-ummalqura-calendar,OK,12,8,12,8,3662,2902,4,760,9,6,2146,2143,3,3
wdtinc-mapbox-vector-tile-java,OK,59380,1544,59380,1544,421305,162069,57836,259236,59369,1535,372824,129811,57834,243013
elasticpath-json-unmarshaller,OK,144520,1340,144520,1340,644844,49866,143180,594978,144508,1329,631906,39910,143179,591996
fanchaoo-forum,OK,43702,2224,43782,2228,341570,56463,41554,285107,43574,2211,311117,38402,41363,272715
6tail-lunar-java,OK,134061,672,134061,672,758828,64259,133389,694569,134058,670,656441,13048,133388,643393
damienclaveau-kafka-graphite,OK,593,241,604,247,2648,1612,357,1036,596,240,1693,871,356,822
jqassistant-archive-jqa-graphml-plugin,OK,97163,1450,97163,1450,343464,18151,95713,325313,97135,1431,335179,12679,95704,322500
dampcake-bencode,OK,552,134,552,134,2268,686,418,1582,547,130,2145,607,417,1538
bouncestorage-chaos-http-proxy,OK,143242,1117,143242,1117,504586,34753,142125,469833,143228,1104,500926,31770,142124,469156
monitorjbl-excel-streaming-reader,OK,31615,1703,31615,1703,397588,265700,29912,131888,31248,1689,331920,227599,29559,104321
lyg5623-lightgbm_predict4j,OK,100365,243,100365,243,924565,566035,100122,358530,100355,234,851044,529259,100121,321785
volodya-lombrozo-hg-revision-plugin,OK,228,120,228,120,1206,691,108,515,221,114,1124,629,107,495
nutzam-nutzwx,OK,22968,949,22968,949,366328,60340,22019,305988,22953,937,359356,54909,22016,304447
arnaugarcia-sallefy,OK,1322332,15488,1322332,15488,110646042,105403734,1306844,5242308,1320921,15448,110475954,105284182,1305473,5191772
ben-xo-cdjscrobbler,OK,145010,1426,145010,1426,498423,26391,143584,472032,144989,1406,485917,18140,143583,467777
soot-oss-heros,OK,237356,3058,237356,3058,894648,47959,234298,846689,237335,3040,864339,27948,234295,836391
gesellix-Nimbus-JOSE-JWT,OK,542,126,542,126,3451,2034,416,1417,534,119,2506,1323,415,1183
usnistgov-Lineage-Mapper,OK,11792,883,11792,883,282662,89635,10909,193027,11783,875,223680,31237,10908,192443
Graylog2-gelfclient,OK,133471,1524,133491,1524,593732,28588,131967,565144,133464,1511,584888,22793,131953,562095
codedance-silken,OK,367,46,367,46,2176,494,321,1682,363,43,1627,207,320,1420
Crozin-Wykop.pl-Java-SDK,OK,300,113,300,113,1982,879,187,1103,295,109,1657,588,186,1069
aleksandr-m-gitflow-maven-plugin,OK,463,31,463,31,1958,173,432,1785,458,28,1913,150,430,1763
erdtman-java-json-canonicalization,OK,251,94,251,94,2309,1847,157,462,247,92,2216,1814,155,402
JaroslavTulach-heapdump,OK,240,116,240,116,246477,175622,124,70855,232,109,105265,104996,123,269
threerings-react,OK,602,178,602,178,2337,1211,424,1126,594,171,1690,607,423,1083
twitter-netty-http2,OK,1526,144,1526,144,4159,881,1382,3278,1511,132,3785,636,1379,3149
yuqi1129-calcite-test,OK,430,180,430,180,2679,1788,250,891,422,173,1817,1270,249,547
oskopek-javaanpr,OK,92645,1050,92645,1050,293404,17578,91595,275826,92632,1038,286387,12882,91594,273505
purcell-jargs,OK,387,24,387,24,1429,285,363,1144,384,22,1038,88,362,950
agoncal-agoncal-application-petstore-ee7,OK,126910,1272,126910,1272,539439,30920,125638,508519,126901,1264,516657,15687,125637,500970
authorjapps-simulator,OK,39072,1184,39074,1185,789474,292094,37889,497380,38554,1164,487639,60594,37390,427045
fangyidong-json-simple,OK,320,108,320,108,1548,661,212,887,314,103,1483,618,211,865
davidmoten-predict4java,OK,2433,98,2433,98,9334,1848,2335,7486,2428,94,7983,1129,2334,6854
apereo-cas-server-security-filter,OK,70282,1094,70282,1094,378601,18743,69188,359858,70266,1085,371349,13806,69181,357543
jnr-jnr-enxio,OK,1265,296,1265,296,8110,4008,969,4102,1230,284,6423,3132,946,3291
DReichLab-ADNA-Tools,OK,104310,1520,104310,1520,711925,153245,102790,558680,104299,1511,603693,79542,102788,524151
jvitorr-Jeasier,OK,1786,86,1786,86,396799,374828,1700,21971,1779,80,385791,363837,1699,21954
IBM-Cloud-gp-java-client,OK,167,31,167,31,1273,329,136,944,162,27,1153,250,135,903
SiftScience-kafka-assigner,OK,1238,192,1238,192,6314,1736,1046,4578,1230,186,5449,1199,1044,4250
Driftt-EmailReplyParser,OK,1021,199,1021,199,9130,3862,822,5268,1018,196,9089,3821,822,5268
michaelwittig-java-q,OK,317,92,317,92,1207,452,225,755,314,90,1165,430,224,735
igniterealtime-tinder,OK,125304,559,125304,559,479608,94823,124745,384785,125295,551,461504,76792,124744,384712
petterobam-mds2index.html,OK,72776,2660,72777,2661,671344,319349,70116,351995,72767,2652,614823,275649,70115,339174
TheHolyWaffle-TeamSpeak-3-Java-API,OK,165,64,165,64,1209,459,101,750,163,62,1203,453,101,750
dpressel-sgdtk,OK,748,29,748,29,6045,3075,719,2970,744,25,6025,3055,719,2970
huangbowen521-SpringJMSSample,OK,44478,3215,44478,3215,469285,269214,41263,200071,43919,3194,433498,234002,40725,199496
carlostse-jopencc,OK,42,21,42,21,503534,447568,21,55966,40,20,391648,391625,20,23
jonpereiradev-diff-objects,OK,1027,125,1027,125,4506,1301,902,3205,1022,121,3253,435,901,2818
codelibs-ranklib,OK,28725,351,28725,351,704400,555705,28374,148695,28717,344,685059,537965,28373,147094
dhananjaypatkar-kafka-connect-phoenix,OK,618,222,618,222,4638,2626,396,2012,609,215,3788,2099,394,1689
PoslavskySV-libdivide4j,OK,226478,40,226478,40,832726,201,226438,832525,226476,38,832654,129,226438,832525
stevespringett-cvss-calculator,OK,519,13,519,13,9948,207,506,9741,518,12,9923,182,506,9741
trekawek-coffee-gb,OK,1260,140,1260,140,7985,2313,1120,5672,1256,137,6913,1762,1119,5151
chyxion-table-to-xls,OK,48108,2691,48215,2721,930192,166067,45494,764125,48138,2703,872393,132242,45435,740151
harawata-appdirs,OK,454,36,454,36,1890,156,418,1734,451,34,1878,149,417,1729
agrison-redux4j,OK,353,114,353,114,3313,1561,239,1752,346,108,3002,1358,238,1644
biouno-figshare-java-api,OK,391,63,391,63,8080,3066,328,5014,386,59,7655,2839,327,4816
marschall-svn-diffstat,OK,27,10,27,10,1376,713,17,663,22,6,30,14,16,16
kayahr-pherialize,OK,392,182,392,182,7492,5124,210,2368,389,180,7236,4993,209,2243
TakahikoKawasaki-nv-i18n,OK,291,26,291,26,3452,1625,265,1827,287,23,1069,131,264,938
errai-errai,OK,105842,2426,105842,2426,723820,237851,103416,485969,105829,2415,666634,188342,103414,478292
xianfengyi-ExprEngine,OK,44326,795,44326,795,238861,32721,43531,206140,44319,789,226243,23730,43530,202513
jasminb-jsonapi-converter,OK,70333,1869,70333,1869,436129,74038,68464,362091,70084,1849,378586,44113,68235,334473
undera-perfmon-agent,OK,914,162,914,162,3142,1111,752,2031,903,152,2150,419,751,1731
william-ferguson-au-asymmetric-crypto,OK,6,5,6,5,2034,2026,1,8,4,3,2017,2009,1,8
tkutcher-jgrade,OK,1181,128,1181,128,3958,742,1053,3216,1177,125,3307,409,1052,2898
JodaOrg-joda-collect,OK,1896,266,1896,266,7163,1897,1630,5266,1890,260,6748,1482,1630,5266
liudongdong0909-mybatis-generator-core-fix,OK,980,128,980,128,3176,934,852,2242,973,124,2542,516,849,2026
dubasdey-portable-ftp-server,OK,865,107,865,107,2406,392,758,2014,854,97,2242,291,757,1951
xebia-Xebium,OK,57057,225,57057,225,223363,45885,56832,177478,57046,218,163648,771,56828,162877
wmixvideo-bradesco-boleto-registro,OK,53,25,53,25,7516,5508,28,2008,50,23,6947,5215,27,1732
bkiers-atlas,OK,10950,97,10950,97,803213,517290,10853,285923,10940,89,32759,1764,10851,30995
msanez-sonar-branch-community,OK,206015,2083,206015,2083,922864,49683,203932,873181,205992,2063,905895,38482,203929,867413
opentimestamps-java-opentimestamps,OK,121634,1604,121634,1604,615842,60247,120030,555595,121623,1594,584905,42244,120029,542661
MitchTalmadge-ASCII-Data,OK,1525,34,1525,34,9137,1377,1491,7760,1523,32,9071,1311,1491,7760
square-pagerduty-incidents,OK,674,93,674,93,5540,3336,581,2204,666,86,4794,2941,580,1853
googleapis-disco-to-proto3-converter,OK,1062981,28371,1062981,28371,185761927,181362165,1034610,4399762,1062948,28357,185456641,181178875,1034591,4277766
loehndorf-scengen,OK,72,18,72,18,1094,320,54,774,67,14,760,146,53,614
jdubois-spring-on-azure,OK,171222,3149,171222,3149,677462,73622,168073,603840,171119,3116,643369,53873,168003,589496
blinkfox-mini-table,OK,34,22,34,22,1220,1168,12,52,31,20,1187,1151,11,36
hongbeomi-Programmers,OK,621,130,621,130,2381,919,491,1462,611,123,2088,715,488,1373
gkopff-gson-javatime-serialisers,OK,296,61,296,61,4007,1406,235,2601,291,57,3747,1265,234,2482
jklingsporn-vertx-push-onesignal,OK,497,132,501,135,5073,2181,366,2892,493,128,4586,1872,365,2714
lazee-freemarker-java-8,OK,119709,1092,119709,1092,925703,411634,118617,514069,119697,1082,872435,382079,118615,490356
vmware-vrops-export,OK,27595,2188,27687,2207,423249,171658,25480,251591,27641,2189,342012,127502,25452,214510
NovatecConsulting-BeanTest,OK,3437170,25116,3437170,25116,189723066,173686616,3412054,16036450,3436173,25076,188490392,172455489,3411097,16034903
weblyzard-nilsimsa,OK,172,12,172,12,1855,203,160,1652,170,11,1747,149,159,1598
smartics-smartics-jboss-modules-maven-plugin,OK,1646,232,1646,232,4856,1391,1414,3465,1637,224,4307,871,1413,3436
messenger4j-messenger4j,OK,23371,1540,23371,1540,253467,61083,21831,192384,23350,1521,206284,31046,21829,175238
iterate-ch-java-openstack-swift,OK,325,93,325,93,2292,892,232,1400,320,89,1510,488,231,1022
valery1707-kaitai-maven-plugin,OK,13994,1302,13994,1302,194429,141281,12692,53148,13983,1292,191103,138809,12691,52294
gkopff-gson-jodatime-serialisers,OK,978,161,978,161,9652,3637,817,6015,972,156,7863,2631,816,5232
digitalheir-java-nfa,OK,1584,109,1584,109,5792,1380,1475,4412,1577,103,5552,1204,1474,4348
anubhavshukla-properties-to-yaml-converter,OK,708,50,708,50,3821,284,658,3537,704,48,3639,222,656,3417
iris-edu-stationxml-seed-converter,OK,23127973,6536,23127973,6536,132438330,2309432,23121437,130128898,23127968,6532,132186303,2150761,23121436,130035542
open-dis-open-dis-java,OK,138,64,138,64,2917,2071,74,846,133,60,1207,1074,73,133
coderodde-OrderStatisticTree,OK,5190,113,5190,113,279469,261150,5077,18319,5185,109,212345,206995,5076,5350
ronmamo-reflections,OK,130820,813,130820,813,426831,42335,130007,384496,130812,806,412867,29133,130006,383734
seaswalker-netty-wheel,OK,308,82,308,82,1065,286,226,779,298,73,988,230,225,758
Thare-Lam-fast-elasticsearch-query-builder,OK,678,227,678,227,3501,1422,451,2079,665,216,2975,1026,449,1949
rrice-java-string-similarity,OK,222,32,222,32,1549,437,190,1112,221,31,1546,434,190,1112
cliang97-HealthReport-WUT,OK,107746,4165,107773,4170,694129,123315,103603,570814,107301,4134,655609,98712,103167,556897
awslabs-amazon-kinesis-scaling-utils,OK,381,159,381,159,4332,2928,222,1404,373,152,3969,2737,221,1232
LarryDpk-Google-Bard,OK,129641,3048,129641,3048,590411,105371,126593,485040,129499,3031,557645,86543,126468,471102
Shunshun94-discord-bcdicebot,OK,25373,2249,25373,2249,707811,490863,23124,216948,25357,2234,684533,472047,23123,212486
huiyang100-excel-formula-engine,OK,139199,539,139199,539,539705,142047,138660,397658,139184,530,535326,139239,138654,396087
metamug-java-jwt,OK,305,39,305,39,1881,364,266,1517,303,38,1753,300,265,1453
k55k32-simple-codegen,OK,338,93,338,93,6124,5354,245,770,330,88,5374,4852,242,522
echisan-wbp4j,OK,578,162,578,162,2711,958,416,1753,567,153,2101,629,414,1472
spriet2000-vertx-handlers-http,OK,26141,329,26141,329,312053,102125,25812,209928,26129,318,253849,46682,25811,207167
qmx-jitescript,OK,483,79,483,79,1015,222,404,793,480,76,951,158,404,793
square-gifencoder,OK,169,83,169,83,1002,498,86,504,160,76,876,431,84,445
schnatterer-musicbrainzws2-java,OK,120669,1094,120669,1094,526272,87294,119575,438978,120654,1084,502142,73381,119570,428761
dgroup-docker-unittests,OK,35670,2545,35670,2545,379650,184190,33125,195460,35506,2522,308532,125963,32984,182569
softlayer-softlayer-java,OK,126460,1687,126460,1687,429194,27738,124773,401456,126439,1671,416030,19442,124768,396588
supercargo-guice-persist-jooq,OK,169130,2002,169130,2002,621401,55067,167128,566334,169103,1982,602457,42831,167121,559626
apache-maven-jarsigner-plugin,OK,292045,1536,292045,1536,964800,44210,290509,920590,292025,1525,942459,29703,290500,912756
sevntu-checkstyle-dsm-maven-plugin,OK,34949,910,34949,910,214141,49184,34039,164957,34926,896,159763,17888,34030,141875
agentgt-jatl,OK,1310,221,1310,221,7904,3089,1089,4815,1307,219,7704,2988,1088,4716
jcabi-jcabi-ssl-maven-plugin,OK,6912,40,6912,40,7251,176,6872,7075,6906,35,7152,118,6871,7034
vlingo-xoom-cluster,OK,95609,1949,95612,1949,315329,23505,93663,291824,95589,1931,302139,15951,93658,286188
pascalgn-jiracli,OK,53374,3678,53374,3678,943620,683242,49696,260378,52922,3656,870707,643783,49266,226924
fanchaoo-hahu,OK,67322,2638,67401,2644,523205,104202,64757,419003,67161,2626,479046,77607,64535,401439
pheerathach-promptpay,OK,2272,58,2272,58,8196,1097,2214,7099,2270,56,7345,246,2214,7099
afrunt-jach,OK,71383,280,71383,280,338262,8115,71103,330147,71378,276,329630,3534,71102,326096
slub-urnlib,OK,961,146,961,146,4388,1184,815,3204,953,140,4140,969,813,3171
zhixiangli-code-similarity,OK,63,35,63,35,1099,995,28,104,61,34,1095,993,27,102
pedrovgs-Algorithms,OK,574,232,574,232,1556,772,342,784,567,227,1415,662,340,753
jottley-spring-social-salesforce,OK,45921,2107,45921,2107,379846,145207,43814,234639,45620,2086,314472,112004,43534,202468
entrusc-xdata,OK,1493,130,1493,130,7284,3241,1363,4043,1394,117,3999,1657,1277,2342
de-mklinger-tomcat-juli-slf4j,OK,379,7,379,7,2010,21,372,1989,378,6,2007,18,372,1989
apache-sling-org-apache-sling-feature,OK,114298,4136,114298,4136,485170,64471,110162,420699,113230,4086,467501,53728,109144,413773
SchweizerischeBundesbahnen-springboot-graceful-shutdown,OK,1124,157,1124,157,7873,2268,967,5605,1113,148,6907,1765,965,5142
andree-surya-moji4j,OK,185,39,185,39,8314,4864,146,3450,182,38,5983,4087,144,1896
nla-outbackcdx,OK,19176,2192,19177,2193,353256,149640,16984,203616,19109,2163,319530,128642,16946,190888
dspinellis-ckjm,OK,470,72,470,72,3436,1716,398,1720,464,68,2802,1276,396,1526
yagarea-java-chat,OK,53,17,53,17,1283,185,36,1098,50,15,1265,175,35,1090
zihluwang-opensource-core,OK,629,197,629,197,8172,4412,432,3760,620,190,7773,4204,430,3569
davidmoten-rxjava-slf4j,OK,59248,1149,59248,1149,229362,15122,58099,214240,59237,1139,225181,12305,58098,212876
pk8est-table-printer,OK,17267,992,17267,992,308221,263016,16275,45205,17260,986,302369,257833,16274,44536
jericks-geoserver-shell,OK,209528,2818,209530,2819,889684,84958,206711,804726,209502,2795,816978,38952,206707,778026
jmazzitelli-prometheus-scraper,OK,28331,418,28331,418,239683,17653,27913,222030,26339,410,223396,9918,25929,213478
codeine-cd-codeine,OK,1089,362,1089,362,5234,2147,727,3087,1081,355,3798,1382,726,2416
fzakaria-ascii85,OK,16,16,16,16,1499,1499,0,0,16,16,1499,1499,0,0
joshgontijo-rest-client,OK,65326,2130,65327,2130,379131,133245,63197,245886,65195,2101,324305,102815,63094,221490
mjsalerno-UnoBot,OK,387,91,387,91,2652,1466,296,1186,384,88,2622,1436,296,1186
qwhai-algorithms-sort,OK,433,34,433,34,1428,185,399,1243,428,30,1389,157,398,1232
goncalomb-NBTEditor,OK,326,42,326,42,4850,3217,284,1633,318,35,2965,2265,283,700
delthas-JavaMP3,OK,78,5,78,5,1982,1891,73,91,77,4,98,7,73,91
tony19-named-regexp,OK,473,52,473,52,1606,388,421,1218,470,50,1226,197,420,1029
michaeltandy-log4j-json,OK,347,70,347,70,4626,1258,277,3368,342,66,4036,950,276,3086
leonbloy-pngj,OK,156406,588,156406,588,763869,118471,155818,645398,156399,582,654034,9946,155817,644088
sangupta-gather,OK,2283,186,2283,186,7934,781,2097,7153,2279,183,7824,708,2096,7116
makersoft-mybatis-shards,OK,117902,2316,118008,2322,912899,71743,115686,841156,117544,2306,838198,27270,115238,810928
amazon-archives-amazon-kinesis-connectors,OK,27713,1367,27717,1367,341072,104609,26350,236463,27669,1346,314016,90250,26323,223766
VerbalExpressions-JavaVerbalExpressions,OK,1019,144,1019,144,3708,1393,875,2315,1016,142,3693,1385,874,2308
qiurunze123-Designpattern,OK,91498,3566,91541,3573,605531,102747,87968,502784,91131,3546,572556,81630,87585,490926
realexpayments-rxp-hpp-java,OK,91799,1789,91801,1790,550516,212766,90011,337750,91322,1770,460506,158052,89552,302454
codelibs-jcifs,OK,621,156,679,160,2711,1091,519,1620,663,145,1855,541,518,1314
wolf-yuan-6115-flowermoon,OK,3,2,3,2,5150,5050,1,100,2,1,200,100,1,100
JodaOrg-joda-time-i18n,OK,16,9,16,9,1727,1151,7,576,12,6,13,7,6,6
marschall-path-classloader,OK,290,126,290,126,1533,1035,164,498,280,117,1447,984,163,463
hertzsprung-hamcrest-json,OK,590,113,590,113,2360,743,477,1617,583,108,1969,452,475,1517
grantneale-kafka-lag-based-assignor,OK,332,164,332,164,1740,1048,168,692,325,158,1520,906,167,614
vdurmont-etaprinter,OK,66,48,66,48,3914,2817,18,1097,61,44,2598,2132,17,466
vivekragunathan-JINQ,OK,1449,221,1449,221,8648,1995,1228,6653,1445,218,8613,1975,1227,6638
bpsm-edn-java,OK,37125,428,37125,428,313546,32055,36697,281491,37116,421,311796,31147,36695,280649
jessin20161124-miniDubboOpen,OK,822,114,822,114,3592,633,708,2959,813,106,3411,515,707,2896
jagrosh-MusicBot,OK,3,2,3,2,5150,5050,1,100,2,1,200,100,1,100
davidmoten-word-wrap,OK,1542,208,1542,208,766101,760892,1334,5209,1538,204,622960,617751,1334,5209
adobe-commerce-cif-magento-graphql,OK,41779,587,41779,587,323717,63146,41192,260571,41773,582,236854,19669,41191,217185
javalite-jar-explorer,OK,963,52,963,52,3250,161,911,3089,963,52,3250,161,911,3089
wang007-vertx-start,OK,995,163,995,163,3572,1395,832,2177,986,155,3306,1171,831,2135
JodaOrg-joda-time-hibernate,OK,63916,1604,63917,1604,292924,43156,62313,249768,63603,1581,254278,21176,62022,233102
prat-man-unique4j,OK,935,95,935,95,2116,398,840,1718,926,87,2001,317,839,1684
Zlika-reproducible-build-maven-plugin,OK,1364,213,1364,213,5618,2241,1151,3377,1350,207,4484,1187,1143,3297
augustd-burp-suite-jsonpath,OK,488,76,488,76,6418,4941,412,1477,487,75,6378,4901,412,1477
tupilabs-tap4j,OK,14466,1253,14466,1253,221498,150822,13213,70676,14460,1248,168996,102449,13212,66547
apache-sling-org-apache-sling-dynamic-include,OK,97418,1502,97418,1502,494896,30832,95916,464064,97337,1484,481756,22467,95853,459289
RTBHOUSE-avro-fastserde,OK,56651,1699,56651,1699,652309,110616,54952,541693,56174,1666,620969,92590,54508,528379
scoutant-polyline-decoder,OK,1059,59,1059,59,7979,2743,1000,5236,1058,58,7978,2742,1000,5236
gaols-reduce-rule,OK,4000,400,4000,400,302658,30600,3600,272058,4000,400,302658,30600,3600,272058
imohsenb-ISO8583-Message-Client-java,OK,123,44,123,44,1554,465,79,1089,118,40,1298,297,78,1001
MountCloud-graphql-client,OK,172,129,172,129,1153,938,43,215,167,125,817,705,42,112
chrfrantz-DBSCAN,OK,677,64,677,64,5680,2274,613,3406,675,62,5026,1620,613,3406
cyberborean-rdfbeans,OK,64529,1288,64529,1288,292751,97469,63241,195282,64510,1275,243655,48408,63235,195247
joel-costigliola-assertj-neo4j,OK,152004,1591,152004,1591,751485,31431,150413,720054,151972,1578,736930,21446,150394,715484
javagl-Common,OK,763,92,763,92,2636,586,671,2050,761,90,2555,505,671,2050
clarkchen-data_structure,OK,268,47,268,47,1390,528,221,862,264,45,1200,433,219,767
kravchik-jcommon,OK,890,249,890,249,3128,1281,641,1847,872,237,2560,820,635,1740
sranka-jdbcimage,OK,77,31,77,31,2204,1722,46,482,76,30,1088,606,46,482
games647-ColorConsole,OK,510,225,510,225,6319,3749,285,2570,503,219,5288,3202,284,2086
gridgain-yardstick,OK,316,39,316,39,1297,818,277,479,314,37,1293,814,277,479
ajantis-java-crdt,OK,345,60,345,60,1433,552,285,881,340,56,1128,283,284,845
dgroup-laconic-velocity,OK,654,173,654,173,3373,2341,481,1032,644,163,2785,1753,481,1032
hsiafan-apk-parser,OK,25320,549,25320,549,297641,53094,24771,244547,25311,541,276669,39487,24770,237182
linux-china-plantuml-gist,OK,88359,905,88359,905,437239,12670,87454,424569,88292,888,431736,10060,87404,421676
marcosvidolin-doco,OK,1430,487,1431,488,6846,3381,943,3465,1417,475,6252,2948,942,3304
zheng93775-mysql-lock,OK,745,150,745,150,6786,2294,595,4492,735,141,5768,1666,594,4102
apache-commons-compress,OK,9855341,38845,9855341,38845,101059988,46371032,9816496,54688956,9853043,38809,73363139,19011630,9814234,54351509
Imaginary11-bionic-utils,OK,203,92,203,92,1478,806,111,672,196,86,677,367,110,310
dart-maven-plugin-dart-maven-plugin,OK,250,78,250,78,2372,1768,172,604,245,74,2049,1580,171,469
ocaffe-numero-por-extenso,OK,2355,65,2355,65,8730,296,2290,8434,2353,64,8724,293,2289,8431
Appdynamics-redis-monitoring-extension,OK,8228,568,8228,568,630637,217256,7660,413381,8220,561,610141,198422,7659,411719
VaughnVernon-mockroservices-java,OK,729,177,729,177,5755,1941,552,3814,723,172,5509,1801,551,3708
ctran-TinyRadius,OK,229,6,229,6,1793,347,223,1446,226,4,1140,20,222,1120
mdewilde-opml-parser,OK,66790,1975,66790,1975,279718,30154,64815,249564,66776,1962,264155,20791,64814,243364
yichen0831-OpenCC-Java,OK,794,90,794,90,828635,536967,704,291668,790,87,13867,6082,703,7785
fiji-AnalyzeSkeleton,OK,906,131,908,132,2381,643,776,1738,904,129,2265,547,775,1718
spullara-cli-parser,OK,439,138,439,138,2289,933,301,1356,433,133,2261,911,300,1350
mikera-enlight,OK,95443,754,95443,754,262047,97314,94689,164733,95435,747,184561,20573,94688,163988
ralscha-bsoncodec,OK,480,81,481,81,3984,2651,400,1333,473,74,2408,1387,399,1021
graphhopper-jackson-datatype-jts,OK,1366,87,1366,87,8541,2202,1279,6339,1359,81,7213,1429,1278,5784
jbrundege-taro,OK,25182,1885,25182,1885,249214,118925,23297,130289,25099,1871,193932,88017,23228,105915
kamranzafar-jtar,OK,514,62,514,62,1893,619,452,1274,510,59,1797,532,451,1265
google-closure-stylesheets,OK,253199,4325,253199,4325,965819,138446,248874,827373,253151,4306,959477,133929,248845,825548
unruly-java-8-matchers,OK,412,115,412,115,3338,1178,297,2160,411,114,3334,1174,297,2160
bmatthews68-ldapunit,OK,68635,1488,68635,1488,514742,76000,67147,438742,68622,1477,479256,48960,67145,430296
chenjianjx-swagger2html,OK,72505,3399,72507,3401,585905,193683,69106,392222,72361,3387,533919,157551,68974,376368
RakhmedovRS-DataStructuresAndAlgorithmsInJava2ndEdition,OK,4992,185,4992,185,454700,18731,4807,435969,4987,182,454451,18606,4805,435845
lafaspot-ja3_4java,OK,43,24,43,24,3943,2538,19,1405,38,20,1678,1403,18,275
plutext-docx4j-export-FO,OK,61738,1588,61744,1588,420622,160305,60156,260317,61716,1573,391816,140042,60143,251774
ecki-et-otp,OK,1032,11,1032,11,3720,118,1021,3602,1029,9,3655,85,1020,3570
pouyaesm-signed-community-detection,OK,2196,108,2196,108,5344,1392,2088,3952,2190,104,3747,586,2086,3161
WebThingsIO-webthing-java,OK,1613,126,1613,126,7090,1906,1487,5184,1580,121,5489,710,1459,4779
gridkit-jvm-attach,OK,21,15,21,15,8474,6351,6,2123,18,13,7246,5736,5,1510
saoj-mentabean,OK,72229,3526,72229,3526,560008,230290,68703,329718,72221,3519,520394,209292,68702,311102
thundra-io-thundra-lambda-warmup,OK,39320,1552,39320,1552,222189,77312,37768,144877,39283,1532,198446,64361,37751,134085
Celos-avro-json-decoder,OK,1777,192,1777,192,7828,2364,1585,5464,1771,187,6161,1407,1584,4754
threefish-nutz-sqltpl,OK,24867,1456,24867,1456,224241,93427,23411,130814,24856,1447,213139,86148,23409,126991
PhantomThief-thrift-pool-client,OK,1562,20,1562,20,4206,426,1542,3780,1556,15,3836,77,1541,3759
razorpay-razorpay-java,OK,150082,2503,150082,2503,897003,89421,147579,807582,150067,2491,853727,59083,147576,794644
wstrange-GoogleAuth,OK,395,101,395,101,2858,1033,294,1825,392,98,2839,1014,294,1825
romix-java-concurrent-hash-trie-map,OK,322134,2378,322134,2378,183172638,171820069,319756,11352569,322127,2372,158563590,151295119,319755,7268471
AVMf-avmf,OK,418,55,418,55,2519,465,363,2054,415,53,2330,369,362,1961
jai-imageio-jai-imageio-core,OK,2032,81,2032,81,402676,397139,1951,5537,2027,77,6299,1305,1950,4994
seahen-maven-s3-wagon,OK,159,30,159,30,1077,350,129,727,153,25,664,126,128,538
budhash-cliche,OK,331,120,331,120,1822,1188,211,634,328,118,1817,1185,210,632
LibrePDF-OpenRTF,OK,327,96,327,96,2052,884,231,1168,322,92,1965,832,230,1133
OWASP-OWASP-WebScarab,OK,1001,80,1001,80,6163,2354,921,3809,991,71,3497,481,920,3016
JohnsProject-JGameEngine,OK,66,19,66,19,2623,721,47,1902,66,19,2623,721,47,1902
mraible-jhipster6-demo,OK,173988,3173,173988,3173,686474,74009,170815,612465,173885,3140,652372,54257,170745,598115
vashishthask-eclipse-to-maven,OK,336,75,336,75,1457,826,261,631,327,67,1264,669,260,595
ryenus-rop,OK,537,206,537,206,4390,2499,331,1891,533,203,3701,2152,330,1549
fortitudetec-sonar-ruby-plugin,OK,130388,15954,130388,15954,109769257,88468738,114434,21300519,130377,15945,109718776,88435496,114432,21283280
coekie-gentyref,OK,779,57,779,57,3301,957,722,2344,775,54,1762,184,721,1578
davidmoten-aws-maven-plugin,OK,240,75,240,75,1721,824,165,897,235,71,1205,453,164,752
Coreoz-Wisp,OK,249525,497,249525,497,994247,79116,249028,915131,249513,486,887720,25233,249027,862487
JervyShi-nacos-embedded,OK,3367,86,3367,86,7968,647,3281,7321,3358,78,7147,219,3280,6928
profesorfalken-jSensors,OK,480,137,480,137,2585,877,343,1708,476,134,2496,829,342,1667
weswilliams-GivWenZen,OK,275175,2305,275175,2305,824360,59059,272870,765301,275149,2287,778930,19388,272862,759542
ForgeRock-OpenBanking-UK-Datamodel-Java-SDK,OK,86546,2356,86546,2356,630670,121463,84190,509207,84805,2345,590352,89066,82460,501286
wttech-Maven-CRX-Plugin,OK,562,117,562,117,5100,1438,445,3662,558,114,4184,967,444,3217
AdamBien-xplr,OK,608,53,608,53,1537,166,555,1371,608,53,1537,166,555,1371
jlawrie-opencsv,OK,1272,297,1272,297,7830,2758,975,5072,1269,295,7614,2642,974,4972
Zettelkasten-Team-Zettelkasten,OK,22466,697,22466,697,308662,20860,21769,287802,22459,691,306503,18726,21768,287777
PawelGorny-lostword,OK,40743,111,40743,111,279796,78284,40632,201512,40736,105,217506,19538,40631,197968
kgalant-PackageBuilder,OK,933,82,935,83,5065,1660,852,3405,931,80,3968,1108,851,2860
mikera-mikera,OK,64548,1122,64548,1122,388589,185079,63426,203510,64535,1110,355467,159645,63425,195822
Scout24-spring-boot-rpm-maven-plugin,OK,100528,415,100528,415,414925,38674,100113,376251,100523,411,402490,26421,100112,376069
spotify-futures-extra,OK,80817,1217,80817,1217,854143,708842,79600,145301,80798,1205,850292,706113,79593,144179
ashenwgt-awesome-bdd-with-cucumber,OK,22453,1083,22453,1083,216134,52643,21370,163491,22438,1069,207479,48087,21369,159392
figo-connect-java-figo,OK,128,60,128,60,1586,984,68,602,124,57,1461,915,67,546
studerw-td-ameritrade-client,OK,49470,3496,49470,3496,865454,374983,45974,490471,49243,3475,366697,123276,45768,243421
koen-serneels-ws-proxy,OK,362,146,362,146,1117,578,216,539,355,140,995,497,215,498
tdunning-anomaly-detection,OK,4,4,4,4,381699,381699,0,0,3,3,381698,381698,0,0
vitalidze-chromecast-java-api-v2,OK,48828,1485,48828,1485,327098,64888,47343,262210,48359,1476,293956,32206,46883,261750
francisdb-serviceloader-maven-plugin,OK,1122,85,1122,85,3871,343,1037,3528,1120,84,3863,339,1036,3524
joniles-rtfparserkit,OK,28820,92,28820,92,219891,13606,28728,206285,28816,89,205493,1378,28727,204115
cescoffier-vertx-completable-future,OK,118822,427,118822,427,311753,56357,118395,255396,118810,415,264907,9511,118395,255396
DaisyDiff-DaisyDiff,OK,57132,1144,57132,1144,331685,51377,55988,280308,57127,1140,325294,46046,55987,279248
FasterXML-java-classmate,OK,1540,308,1540,308,7720,3271,1232,4449,1535,304,5894,2305,1231,3589
libcoolsocket-java,OK,1480,172,1480,172,518018,515264,1308,2754,1472,165,517820,515072,1307,2748
AgNO3-jcifs-ng,OK,635,155,750,160,2815,1097,590,1718,734,145,1962,549,589,1413
jarekratajski-badlam,OK,377,32,377,32,1276,196,345,1080,375,31,1098,107,344,991
silentsoft-oss-notice-file-generator,OK,458,16,458,16,2518,1060,442,1458,455,15,991,551,440,440
vert-x3-vertx-maven-starter,OK,2273,355,2273,355,14006,8460,1918,5546,2260,343,13247,7934,1917,5313
SonarSource-sonar-auth-bitbucket,OK,58780,1394,58780,1394,325968,26746,57386,299222,58760,1377,318323,21846,57383,296477
sailthru-sailthru-java-client,OK,173593,2177,173593,2177,737177,57708,171416,679469,173572,2159,717092,45400,171413,671692
nicolas-raoul-jakaroma,OK,658,126,658,126,3773,1108,532,2665,654,123,3281,854,531,2427
medmes-keycloak-monitoring-spi,OK,28044,480,28044,480,286785,77899,27564,208886,28039,476,286112,77544,27563,208568
devnied-Bit-lib4j,OK,82,60,82,60,1041,635,22,406,75,54,954,553,21,401
rpuch-xremoting,OK,47704,767,47704,767,455774,175998,46937,279776,47276,744,291655,12284,46532,279371
apache-sling-org-apache-sling-query,OK,247387,1096,247387,1096,938361,105465,246291,832896,247381,1091,749237,10859,246290,738378
jenshadlich-S3-Performance-Test,OK,618,206,618,206,7554,4095,412,3459,610,199,7138,3875,411,3263
loong0306-commutils4j,OK,196,109,196,109,2219,1784,87,435,190,104,2061,1692,86,369
dbaggott-newrelic-dropwizard,OK,75156,1177,75158,1178,671575,88001,73980,583574,74522,1162,605965,55092,73360,550873
jriecken-gae-java-mini-profiler,OK,224,71,224,71,2449,686,153,1763,211,63,2295,600,148,1695
hsluv-hsluv-java,OK,114664,20,114664,20,917519,57764,114644,859755,114659,16,859814,28731,114643,831083
smartystreets-smartystreets-java-sdk,OK,30459,2909,30459,2909,225774,113853,27550,111921,30436,2891,207798,103097,27545,104701
SimpleAstronomy-simple-astronomy-lib,OK,120172,21,120172,21,302353,20108,120151,282245,120171,20,282325,80,120151,282245
berlam-github-bucket,OK,40700,935,40700,935,304280,48757,39765,255523,40676,922,283914,38115,39754,245799
iorga-group-debattons,OK,174004,3168,174004,3168,687109,74281,170836,612828,173901,3135,653006,54528,170766,598478
bruceran-krpc,OK,20249,2550,20249,2550,201519,106752,17699,94767,20161,2530,193645,102225,17631,91420
niesfisch-java-code-tracer,OK,661,130,664,133,3665,1149,531,2516,656,126,2922,728,530,2194
instana-instana-java-opentracing,OK,436,74,436,74,1741,483,362,1258,434,73,1649,437,361,1212
springml-salesforce-wave-api,OK,62018,2463,62020,2462,551901,147775,59558,404126,61486,2445,498440,120370,59041,378070
mbizhani-Adroit,OK,46834,2838,46834,2838,560121,266147,43996,293974,46779,2817,482786,210812,43962,271974
tenlee2012-elasticsearch-analysis-demo,OK,923,190,923,190,5460,2420,733,3040,909,177,2929,1037,732,1892
ashish-chopra-Structures,OK,740,132,740,132,2537,745,608,1792,740,132,2537,745,608,1792
alexnederlof-Jasper-report-maven-plugin,OK,1065942,15503,1065942,15503,142522991,15658744,1050439,126864247,1065928,15490,141209243,14345049,1050438,126864194
seregamorph-hamcrest-more-matchers,OK,268,111,268,111,1069,572,157,497,265,109,1039,552,156,487
domclick-kafka-logback,OK,127494,1336,127494,1336,416634,22936,126158,393698,127477,1320,406207,16001,126157,390206
uklimaschewski-JMXWrapper,OK,947,51,947,51,3021,489,896,2532,942,47,2398,164,895,2234
sblendorio-petscii-bbs,OK,140566,2024,140617,2036,604478,40135,138581,564343,140600,2020,592365,32522,138580,559843
srikanth-lingala-zip4j,OK,152724,1853,152724,1853,741143,34681,150871,706462,152705,1837,727600,25678,150868,701922
resurfaceio-logger-java,OK,15137,656,15137,656,218486,84380,14481,134106,15132,652,216279,83264,14480,133015
zerouwar-Octopus,OK,22189,2407,22242,2414,282537,138319,19828,144218,22206,2395,198275,91184,19811,107091
tvesalainen-bcc,OK,795,212,795,212,4159,1867,583,2292,785,208,3588,1523,577,2065
lingyejun-tick-authenticator,OK,450,22,450,22,1429,116,428,1313,448,20,1420,107,428,1313
crossoverJie-distributed-redis-tool,OK,499,131,499,131,2767,876,368,1891,489,122,2366,658,367,1708
codelibs-jhighlight,OK,682,47,682,47,2663,403,635,2260,678,44,2540,325,634,2215
jnr-jnr-constants,OK,1137,56,1137,56,9680,5497,1081,4183,1132,52,8147,4651,1080,3496
RetailMeNot-TestRailSDK,OK,43334,978,43334,978,476018,51263,42356,424755,42559,966,419147,23035,41593,396112
brutusin-commons,OK,999,17,999,17,4223,1248,982,2975,995,14,2222,47,981,2175
davidmoten-bplustree,OK,63527135,186,63527135,186,186993049,39300721,63526949,147692328,63527133,184,147845273,152945,63526949,147692328
xspec-xspec-maven-plugin-1,OK,28771183,8655,28771183,8655,128630077,24117291,28762528,104512786,28771151,8633,122047161,19242714,28762518,102804447
CycloneDX-cyclonedx-maven-plugin,OK,8696,494,8696,494,640221,593390,8202,46831,8683,483,621400,582373,8200,39027
XUranus-lightsocks-java,OK,2045,36,2045,36,7120,107,2009,7013,2039,31,7099,92,2008,7007
bserdar-jcliff,OK,1209,266,1209,266,7560,3737,943,3823,1203,261,7363,3622,942,3741
GMWolf-artemis-odb-eeel,OK,965,31,965,31,3949,1057,934,2892,960,27,2379,163,933,2216
hoereth-springfox-enum-plugin,OK,362,124,362,124,2758,1253,238,1505,354,117,2171,877,237,1294
codelibs-elasticsearch-dataformat,OK,1545406,26918,1545470,26940,173692872,159414844,1518530,14278028,1536725,26891,172895356,158626384,1509834,14268972
bmwcarit-hmm-lib,OK,656,118,656,118,2995,725,538,2270,654,117,2571,513,537,2058
sarojaba-prettytable4j,OK,746,123,746,123,7755,2507,623,5248,739,117,7396,2241,622,5155
viz-centric-flair-commons,OK,387,93,387,93,1618,444,294,1174,384,90,1599,425,294,1174
tecsinapse-tecsinapse-data-io,OK,1176689,19074,1176689,19074,154774214,144445680,1157615,10328534,1124098,19056,152453682,143283225,1105042,9170457
PacktPublishing--Learn-Algorithms-and-Data-Structures-in-Java-for-Day-to-Day-Applications,OK,562,172,562,172,252203,136384,390,115819,557,168,252081,136311,389,115770
atorstling-bychan,OK,74001,777,74001,777,882803,146894,73224,735909,73995,772,879976,145465,73223,734511
KasperFranz-AntiAd,OK,636,39,636,39,1681,121,597,1560,635,38,1674,114,597,1560
zencoder-zencoder-java,OK,37919,1378,37919,1378,437839,66721,36541,371118,37248,1365,386757,41217,35883,345540
vdurmont-emoji-java,OK,194421,393,194421,393,918318,97523,194028,820795,194414,387,886032,77901,194027,808131
meltmedia-jgroups-aws,OK,669,194,669,194,4216,2742,475,1474,659,186,3271,2189,473,1082
jprante-log4j2-elasticsearch,OK,154334,21467,154382,21478,121858483,119918402,132904,1940081,154353,21460,121850021,119913690,132893,1936331
lujinfeifly-jsoncode,OK,361,51,361,51,1149,238,310,911,361,51,1149,238,310,911
jsolve-templ4docx,OK,34815,1573,34815,1573,348896,102613,33242,246283,34623,1561,291323,69795,33062,221528
appnexus-ElasticNet4j,OK,814,108,814,108,4611,662,706,3949,813,107,4609,660,706,3949
javagl-Obj,OK,1789,130,1789,130,6645,1191,1659,5454,1787,129,6087,912,1658,5175
kittylyst-ocelotvm,OK,616,110,616,110,2700,794,506,1906,609,104,2283,560,505,1723
typesafehub-netty-http-pipelining,OK,1120,90,1120,90,2904,803,1030,2101,1108,80,2718,643,1028,2075
finn-no-retriable-kafka-consumer,OK,55304,1337,55304,1337,324039,34362,53967,289677,55288,1324,318675,30732,53964,287943
starkbank-ecdsa-java,OK,120,62,120,62,2552,1841,58,711,117,60,2193,1483,57,710
johnlcox-toml4j,OK,1201,325,1201,325,9813,4519,876,5294,1197,322,8095,3623,875,4472
imadcn-idworker,OK,79094,2622,79241,2639,726267,157951,76602,568316,78844,2616,674214,122669,76228,551545
basdijkstra-tau-rest-assured,OK,160926,4283,160927,4283,846297,185459,156644,660838,160521,4249,761810,123695,156272,638115
sritejakv-splitwise-java,OK,68098,1386,68098,1386,329315,21299,66712,308016,68085,1374,324238,17966,66711,306272
mercadopago-sdk-java,OK,11396,767,11396,767,219594,89100,10629,130494,11260,756,188613,73329,10504,115284
akamai-NetStorageKit-Java,OK,649,162,649,162,6815,2138,487,4677,641,155,5442,1343,486,4099
dadiyang-equator,OK,324,46,324,46,2627,630,278,1997,319,42,2526,547,277,1979
liuanxin-api-document,OK,148,89,148,89,1192,806,59,386,141,83,672,460,58,212
hifly81-bank-account-axon,OK,641,150,641,150,6494,4214,491,2280,635,145,2397,642,490,1755
jmurty-java-xmlbuilder,OK,504,43,504,43,1733,345,461,1388,497,37,1482,178,460,1304
novotnyradek-fred-client,OK,582,197,582,197,1895,1000,385,895,576,192,1775,891,384,884
Cryptonomica-cryptonomica,OK,556,27,556,27,2730,672,529,2058,549,21,1938,135,528,1803
iipc-jwarc,OK,85298,463,85298,463,211406,122373,84835,89033,85287,454,210361,121644,84833,88717
avaje-common-avaje-agentloader,OK,236,146,236,146,1231,764,90,467,226,138,971,528,88,443
GaoLeiQin-SwordOffer,OK,425,260,425,260,1545,1076,165,469,417,254,1444,1014,163,430
scubajorgen-FitReader,OK,649645,21127,649655,21132,131395239,94536036,628523,36859203,644620,21117,131143054,94384234,623503,36758820
j256-simplecsv,OK,52568,410,52568,410,541121,15261,52158,525860,52561,404,526141,2739,52157,523402
devcon5io-mutation-analysis-plugin,OK,182775,3172,183030,3181,981327,318265,179849,663062,183008,3161,944173,294760,179847,649413
EladLeev-KeyToField-smt,OK,479,134,479,134,2756,1622,345,1134,468,130,2488,1477,338,1011
o19s-RankyMcRankFace,OK,84220,376,84220,376,807444,518858,83844,288586,84214,371,786797,499977,83843,286820
greengerong-prerender-java,OK,162,57,162,57,3372,787,105,2585,155,51,2933,545,104,2388
jhalterman-typetools,OK,53,21,53,21,2064,1002,32,1062,47,16,219,74,31,145
jackyfd-collectionX,OK,299,169,299,169,1635,1070,130,565,281,160,1253,843,121,410
brutusin-instrumentation,OK,320,62,320,62,9707,1983,258,7724,316,59,9546,1826,257,7720
verilylifesciences-genomewarp,OK,139848,2128,139848,2128,637485,130278,137720,507207,134248,2093,556499,85560,132155,470939
telefonicaid-netphony-network-protocols,OK,106916,1468,106916,1468,639410,83617,105448,555793,106914,1466,631238,75445,105448,555793
jcbvm-i18n-editor,OK,874,47,874,47,2490,517,827,1973,869,44,2259,418,825,1841
Sayi-swagger-diff,OK,184237,3211,184237,3211,892668,137956,181026,754712,182563,3198,749700,55679,179365,694021
binghe001-mykit-holiday,OK,2155,138,2155,138,8111,1032,2017,7079,2146,130,7426,618,2016,6808
vidageek-crawler,OK,1055,226,1055,226,7988,2815,829,5173,1041,214,6892,2076,827,4816
lzgabel-camunda-cloud-bpmn-converter,OK,116363,1416,116363,1416,534018,52563,114947,481455,116231,1409,512574,40155,114822,472419
marzn-telegrambot-japi,OK,3609,587,3739,621,26626,8944,3118,17682,3727,611,23860,7529,3116,16331
mailjet-mailjet-apiv3-java,OK,2549,479,2549,479,20198,8383,2070,11815,2534,465,17429,6340,2069,11089
eBay-FeedSDK,OK,1011,288,1011,288,16376,7869,723,8507,1000,279,15776,7521,721,8255
SecureSkyTechnology-burpextender-proxyhistory-webui,OK,3920,760,3920,760,28500,14353,3160,14147,3899,741,26764,13244,3158,13520
graylog-labs-syslog4j-graylog2,OK,7346,909,7346,909,30834,6497,6437,24337,7335,899,27324,4385,6436,22939
OpenGamma-ElSql,OK,3685,375,3685,375,16178,2345,3310,13833,3590,369,15460,2026,3221,13434
Nordstrom-nifi_terraform_generator,OK,3158,499,3158,499,28288,7255,2659,21033,3154,496,28101,7139,2658,20962
Chrriis-RRDiagram,OK,3397,441,3397,441,22875,5180,2956,17695,3394,439,22624,5051,2955,17573
zhining-lu-netty-websocket-proxy,OK,4238,699,4312,707,37731,18756,3605,18975,4299,696,35059,17374,3603,17685
johnlpage-POCDriver,OK,1216,280,1216,280,17350,10355,936,6995,1205,272,16337,9837,933,6500
coralblocks-CoralME,OK,10218,1076,10218,1076,42759,7645,9142,35114,10208,1067,41266,6586,9141,34680
dano-vertx-zeromq,OK,11885,546,11889,547,45163,7217,11342,37946,11839,535,42714,4843,11304,37871
floverfelt-find-and-replace-maven-plugin,OK,4790,101,4790,101,13038,1082,4689,11956,4790,101,13038,1082,4689,11956
unitsofmeasurement-uom-se,OK,2953,199,2953,199,13497,4447,2754,9050,2946,193,8701,1769,2753,6932
jruby-joni,OK,362,39,362,39,26993,26001,323,992,359,36,1125,133,323,992
scylladb-kafka-connect-scylladb,OK,690,129,690,129,11254,3252,561,8002,674,118,9726,2263,556,7463
iNamik-java_text_tables,OK,2368,67,2368,67,19218,1474,2301,17744,2368,67,19218,1474,2301,17744
mhshams-jnbis,OK,2362,65,2362,65,15235,10043,2297,5192,2357,61,5279,289,2296,4990
named-data-jndn,OK,6712,533,6779,541,24486,3347,6238,21139,6774,537,23975,3034,6237,20941
eurekaclinical-datastore,OK,4279,687,4298,698,28668,15498,3600,13170,4285,687,24076,12662,3598,11414
spotify-async-datastore-client,OK,2437,391,2437,391,12851,4119,2046,8732,2387,380,11343,3298,2007,8045
eyp-serfj,OK,8990,361,8990,361,45473,10131,8629,35342,8971,343,43687,9007,8628,34680
mvpjava-springboot-JUnit5-tutorial,OK,6965,747,6965,747,23352,4185,6218,19167,6955,738,22394,3472,6217,18922
SpringStudent-GyJdbc,OK,5796,521,5796,521,23241,7124,5275,16117,5789,515,21371,5414,5274,15957
ZhongAnTech-dmds,OK,3674,569,3674,569,47886,22017,3105,25869,3662,560,45499,20804,3102,24695
meixuesong-aggregate-persistence,OK,2382,239,2382,239,15504,5603,2143,9901,2375,234,11785,2678,2141,9107
vdurmont-semver4j,OK,7168,172,7168,172,24684,958,6996,23726,7164,169,24635,930,6995,23705
TongxiJi-shadowsocks-java,OK,5793,566,5846,585,18215,7897,5261,10318,5835,575,16471,6993,5260,9478
martin-g-wicket-jquery-selectors,OK,2171,528,2171,528,11536,5963,1643,5573,2155,519,9554,4693,1636,4861
ifpe-cti-saudegaranhuns,OK,1365,335,1365,335,30543,8268,1030,22275,1357,328,28877,7318,1029,21559
zman2013-scuttlebutt,OK,8466,1040,8466,1040,39996,9457,7426,30539,8451,1027,38273,8297,7424,29976
fdinoff-neovim-java-client,OK,3923,534,3923,534,39272,8400,3389,30872,3837,527,34925,6113,3310,28812
adobe-htl-tck,OK,424,70,424,70,39378,34416,354,4962,420,67,30818,30086,353,732
FDMediagroep-hamcrest-jsoup,OK,2229,133,2229,133,44465,35240,2096,9225,2224,129,35501,30508,2095,4993
skyscreamer-JSONassert,OK,8495,278,8495,278,36566,6407,8217,30159,8488,273,29935,1862,8215,28073
LianjiaTech-json-diff,OK,6547,437,6547,437,32031,5450,6110,26581,6542,433,31268,5058,6109,26210
jnr-jnr-unixsocket,OK,4066,619,4066,619,35092,18352,3447,16740,4007,604,31666,16489,3403,15177
kevin-wang001-mockj,OK,7306,380,7306,380,25606,4242,6926,21364,7298,373,23126,2941,6925,20185
j256-two-factor-auth,OK,2081,28,2083,29,25453,20276,2054,5177,2082,28,5444,267,2054,5177
wechatpay-apiv3-CertificateDownloader,OK,1503,283,1503,283,12736,7848,1220,4888,1482,271,8700,4064,1211,4636
AdamBien-jwtenizr,OK,3867,182,3867,182,21709,3724,3685,17985,3860,176,20305,2670,3684,17635
btrekkie-dynamic-connectivity,OK,115,75,115,75,33598,23349,40,10249,112,73,14017,13556,39,461
maxtomin-decimal,OK,3504,22,3504,22,18917,100,3482,18817,3503,21,18913,96,3482,18817
GitHub-Laziji-reverse-regexp,OK,3516,216,3516,216,18692,2102,3300,16590,3516,216,18692,2102,3300,16590
pablobastidasv-kc_security,OK,4546,579,4546,579,45828,14561,3967,31267,4517,573,41408,12179,3944,29229
PvdBerg1998-PNet,OK,446,57,446,57,21164,20213,389,951,440,52,21132,20184,388,948
ghacupha-book-keeper,OK,3106,130,3106,130,16402,1447,2976,14955,3100,125,15844,1159,2975,14685
whizzosoftware-WZWave,OK,9126,959,9126,959,41276,7993,8167,33283,9114,948,38942,6252,8166,32690
wealthfront-thompson-sampling,OK,5878,805,5878,805,21375,4541,5073,16834,5868,796,20316,3772,5072,16544
intoolswetrust-jsignpdf,OK,8308,213,8308,213,34341,6873,8095,27468,8299,206,25096,631,8093,24465
bazaarvoice-jsonpps,OK,1947,264,1949,265,22257,5358,1684,16899,1905,256,19580,3948,1649,15632
atteo-evo-inflector,OK,567,117,567,117,11010,5320,450,5690,566,116,11004,5314,450,5690
Neop-mudmap2,OK,5021,619,5021,619,36151,8993,4402,27158,5009,608,32300,6591,4401,25709
jnr-jnr-netdb,OK,9134,638,9134,638,75962,42609,8496,33353,9041,627,72993,40911,8414,32082
neil-justice-louvain,OK,3455,641,3526,644,29591,13978,2882,15613,3503,631,23364,9023,2872,14341
package-url-packageurl-java,OK,2638,317,2638,317,27211,6832,2321,20379,2634,314,26361,6373,2320,19988
cm-heclouds-onenet-studio-api-java-sdk,OK,4126,315,4126,315,15555,2640,3811,12915,4116,306,13038,1193,3810,11845
svenkubiak-jBCrypt,OK,1866,18,1866,18,31975,220,1848,31755,1866,18,31975,220,1848,31755
DenzelCode-AdvancedSQL,OK,549,70,549,70,33636,12506,479,21130,539,61,29081,10170,478,18911
hneemann-Oscilloscope,OK,11612,8,11612,8,29090,30,11604,29060,11612,8,29090,30,11604,29060
esamson-logback-luhn-mask,OK,12006,923,12006,923,45737,6997,11083,38740,11996,914,43881,5710,11082,38171
tommyettinger-BlazingChain,OK,3438,37,3438,37,15125,5739,3401,9386,3434,34,13131,4633,3400,8498
noelherrick-jell,OK,3177,85,3177,85,20638,4227,3092,16411,3173,82,20580,4195,3091,16385
xingePush-xinge-api-java,OK,3417,752,3417,752,39804,23081,2665,16723,3398,740,23786,12318,2658,11468
Azure-Samples-cassandra-proxy,OK,3399,282,3399,282,43068,6777,3117,36291,3389,273,38576,4515,3116,34061
rjohnsondev-java-libpst,OK,172,20,180,21,26450,19973,159,6477,173,15,1228,89,158,1139
qzw1210-JustAuth,OK,2837,456,2837,456,47154,34445,2381,12709,2818,446,33459,25697,2372,7762
nicoulaj-checksum-maven-plugin,OK,9950,252,9950,252,42364,9315,9698,33049,9944,247,30855,875,9697,29980
hoijui-Jawk,OK,1340,300,1340,300,18174,9695,1040,8479,1331,292,15571,8264,1039,7307
igniterealtime-openfire-hazelcast-plugin,OK,4837,432,4837,432,30883,14655,4405,16228,4823,420,28038,13115,4403,14923
sinrimin-netty-socketio-client,OK,6823,118,6823,118,12285,1040,6705,11245,6814,110,11541,538,6704,11003
eolinker-sql2dsl,OK,4264,262,4264,262,20791,6480,4002,14311,4253,252,19368,5671,4001,13697
pvto-konte-art,OK,2145,267,2145,267,10039,5852,1878,4187,2138,261,9198,5368,1877,3830
inreachventures-aws-signing-request-interceptor,OK,2056,313,2056,313,10692,2488,1743,8204,2020,291,9096,1600,1729,7496
maven-nar-nar-maven-plugin,OK,5191,348,5191,348,22129,4519,4843,17610,5181,339,19725,2784,4842,16941
unitsofmeasurement-unit-ri,OK,1848,106,1848,106,8299,2358,1742,5941,1839,98,4686,360,1741,4326
rex-soft-rexdb,OK,651,138,651,138,10991,4039,513,6952,639,128,7170,1964,511,5206
Kugin-data-reconciliation,OK,1013,115,1013,115,38864,27952,898,10912,1006,111,26400,23470,895,2930
dsc-cmt-cmt-statemachine,OK,5365,376,5365,376,26439,6282,4989,20157,4941,367,20764,3504,4574,17260
deniswsrosa-liquicouch,OK,4438,240,4438,240,16328,1563,4198,14765,4431,234,16064,1352,4197,14712
openhkr-hkr-si,OK,3064,285,3064,285,13886,3547,2779,10339,3051,274,12454,2291,2777,10163
ExpediaGroup-jasvorno,OK,5727,381,5727,381,32235,9956,5346,22279,5719,374,20122,2025,5345,18097
Isaac315-sql-translator,OK,481,146,481,146,10407,8050,335,2357,472,138,9917,7791,334,2126
Afrozaar-wp-api-v2-client-java,OK,6063,1088,6063,1088,37571,18765,4975,18806,6022,1076,32897,16195,4946,16702
phax-as2-server,OK,2391,554,2417,560,19318,8900,1857,10418,2405,550,16314,7346,1855,8968
dkellenb-formula-evaluator,OK,2515,165,2515,165,11982,1972,2350,10010,2511,162,10972,1462,2349,9510
hongliuliao-thrift-generator,OK,7180,554,7180,554,35390,10982,6626,24408,7172,547,31645,8285,6625,23360
jagrosh-GiveawayBot,OK,6187,91,6187,91,10968,539,6096,10429,6182,87,10935,514,6095,10421
bremersee-sms,OK,5388,1221,5456,1255,42975,19567,4201,23408,5420,1243,37019,16359,4177,20660
InstantWebP2P-tweetnacl-java,OK,4933,317,4933,317,19598,2248,4616,17350,4932,316,19596,2246,4616,17350
mariazevedo88-json-formatter-validator,OK,3225,588,3226,589,29426,11463,2637,17963,3216,580,27032,10230,2636,16802
jacksonpradolima-csv2bib,OK,3151,154,3152,155,29743,4177,2997,25566,3147,151,29654,4127,2996,25527
EsmerilProgramming-overtown,OK,4652,301,4652,301,15480,3237,4351,12243,4642,293,13214,1706,4349,11508
blackdoor-hate,OK,3122,743,3122,743,26827,16249,2379,10578,3049,733,23046,14261,2316,8785
ZsBT-mrz-java,OK,1983,258,1983,258,27853,14630,1725,13223,1977,253,27769,14575,1724,13194
pierredavidbelanger-logback-awslogs-appender,OK,10399,987,10399,987,36914,6496,9412,30418,10388,977,35157,5352,9411,29805
jahlborn-sqlbuilder,OK,13428,748,13428,748,49340,10648,12680,38692,13422,743,49185,10532,12679,38653
YuboLong-MyLive,OK,1534,347,1534,347,21079,9740,1187,11339,1522,337,20408,9380,1185,11028
OpenLiberty-ci.common,OK,3555,504,3557,505,11558,3373,3052,8185,3542,491,10755,2587,3051,8168
hs-web-hsweb-utils,OK,1305,246,1305,246,15016,7645,1059,7371,1301,243,13569,6879,1058,6690
redlink-gmbh-redlink-java-sdk,OK,1482,396,1482,396,11350,6330,1086,5020,1469,386,9489,4946,1083,4543
zeroturnaround-zt-process-killer,OK,3403,301,3403,301,26305,7023,3102,19282,3393,293,25806,6763,3100,19043
Wedjaa-JavaAnsibleVault,OK,10743,693,10828,709,48882,14867,10119,34015,10816,699,46125,13411,10117,32714
idealo-logback-redis,OK,1838,441,1849,441,30564,15365,1408,15199,1832,430,29566,14800,1402,14766
ThangLeQuoc-aqi-calculator,OK,1724,167,1724,167,12785,2500,1557,10285,1718,162,10312,1180,1556,9132
CubeEngine-Dirigent,OK,3640,253,3640,253,12550,2064,3387,10486,3636,250,10805,1187,3386,9618
demidenko05-beigesoft-accounting,OK,4313,15,4313,15,15695,74,4298,15621,4312,14,15692,71,4298,15621
vlingo-xoom-streams,OK,3462,206,3462,206,17025,3474,3256,13551,3456,201,15205,2556,3255,12649
aws-amazon-neptune-sigv4-signer,OK,6521,915,6521,915,23326,5502,5606,17824,6465,899,21649,4361,5566,17288
zafarkhaja-jsemver,OK,6761,195,6761,195,24273,1800,6566,22473,6758,192,23724,1251,6566,22473
AccelerationNet-access2csv,OK,6288,234,6288,234,27425,3339,6054,24086,6281,229,25911,2366,6052,23545
iost-official-java-sdk,OK,8134,374,8134,374,48404,14357,7760,34047,8122,363,32449,3465,7759,28984
sgreben-regex-builder,OK,2987,236,2987,236,16007,4276,2751,11731,2985,235,15783,4164,2750,11619
justauth-JustAuth,OK,5108,359,5108,359,20810,3855,4749,16955,5095,347,18891,2713,4748,16178
hneemann-digitalCustomComponents,OK,1292,245,1292,245,29369,14369,1047,15000,1280,234,13179,4532,1046,8647
davidmoten-rxjava2-file,OK,405,59,405,59,20275,859,346,19416,398,53,20118,742,345,19376
hubert-marteau-MultiChainJavaAPI,OK,470,77,470,77,10138,2911,393,7227,466,74,9528,2598,392,6930
antlr-stringtemplate3,OK,5157,1040,5157,1040,45464,22301,4117,23163,5149,1033,20659,6611,4116,14048
idealo-mongodb-slow-operations-profiler,OK,3906,182,3906,182,19402,3908,3724,15494,3895,174,17682,2686,3721,14996
tonydeng-fmj,OK,1175,263,1175,263,11403,6378,912,5025,1167,256,10960,6147,911,4813
AuthorizeNet-sdk-java,OK,2932,359,2935,362,21753,6935,2573,14818,2924,354,18794,5385,2570,13409
dadoonet-elasticsearch-beyonder,OK,4546,814,4597,825,36359,16807,3772,19552,4584,814,33976,15440,3770,18536
smitajit-es-rest-mock,OK,1228,463,1274,474,19301,12033,800,7268,1262,463,14915,9622,799,5293
kristofa-mock-http-server,OK,6263,725,6263,725,37634,19088,5538,18546,6244,709,31360,14603,5535,16757
martincooper-java-datatable,OK,4435,163,4435,163,18848,1126,4272,17722,4433,161,18623,901,4272,17722
swri-robotics-bag-reader-java,OK,3838,290,3838,290,25478,5571,3548,19907,3832,284,22644,2737,3548,19907
os72-protobuf-dynamic,OK,3334,363,3334,363,26430,7725,2971,18705,3320,356,23604,5899,2964,17705
google-jsontoken,OK,1291,125,1291,125,10026,2392,1166,7634,1283,118,8019,1000,1165,7019
seintur-jmixer,OK,2566,326,2566,326,32759,12817,2240,19942,2554,316,20779,4313,2238,16466
NTTDATA-EMEA-QAT-cherry,OK,13092,905,13092,905,43416,7008,12187,36408,13079,893,40420,5127,12186,35293
koendeschacht-bow-utils,OK,2421,229,2421,229,12018,4072,2192,7946,2408,219,11554,3757,2189,7797
smartrics-RestFixture,OK,8798,612,8798,612,45411,14839,8186,30572,8777,598,33641,6237,8179,27404
mileshenrichs-QuiFFT,OK,1003,111,1003,111,11177,5375,892,5802,960,103,8130,2785,857,5345
warmuuh-libsass-maven-plugin,OK,4946,105,4946,105,41310,2730,4841,38580,4939,99,38546,675,4840,37871
awslabs-aws-glue-catalog-sync-agent-for-hive,OK,1514,351,1514,351,14705,7034,1163,7671,1503,342,12131,5710,1161,6421
spoofzu-DeepViolet,OK,1311,554,1311,554,15601,8849,757,6752,1300,548,11710,6748,752,4962
baswerc-routes,OK,4253,445,4253,445,13460,3045,3808,10415,4243,436,12635,2381,3807,10254
robshep-logback-logdna,OK,1059,281,1059,281,12793,6259,778,6534,1045,271,12247,5972,774,6275
code4craft-xsoup,OK,3305,259,3305,259,17006,5641,3046,11365,3299,254,14850,3965,3045,10885
jramoyo-indexed-file-reader,OK,318,23,318,23,16841,1106,295,15735,310,19,14744,389,291,14355
MPriess-GeoJSON-POJO,OK,5428,537,5428,537,28308,6329,4891,21979,5355,531,25515,4756,4824,20759
volkodavs-secret-santa,OK,570,47,570,47,10686,5813,523,4873,565,43,1246,116,522,1130
aws-cloudformation-cloudformation-template-schema,OK,9989,20,9989,20,24032,47,9969,23985,9989,20,24032,47,9969,23985
fizzed-jne,OK,2649,371,2649,371,18762,4413,2278,14349,2637,361,18000,4014,2276,13986
IBlogLab-enhance-gateway,OK,5229,678,5305,715,42271,13106,4590,29165,5292,704,39079,11453,4588,27626
InfoSec812-sonar-auth-google,OK,2319,229,2319,229,13316,5489,2090,7827,2307,218,11745,4642,2089,7103
TheCookieLab-poloniex-api-java,OK,3866,608,3940,617,36032,12444,3323,23588,3927,606,32962,10863,3321,22099
vizor-games-infraworld-cornerstone,OK,3385,509,3385,509,33750,20721,2876,13029,3380,505,33661,20665,2875,12996
Scout24-illegal-transitive-dependency-check,OK,4556,168,4556,168,27126,7383,4388,19743,4551,164,26129,6847,4387,19282
DigitalPebble-TextClassification,OK,1423,271,1423,271,13788,7111,1152,6677,1417,266,12595,6321,1151,6274
terrestris-shogun-legacy,OK,2267,357,2267,357,17647,6241,1910,11406,2256,349,15640,5214,1907,10426
offbynull-kademlia,OK,10838,557,10838,557,48738,13322,10281,35416,10828,549,46367,11617,10279,34750
blueapron-kafka-connect-protobuf-converter,OK,6254,493,6254,493,24486,6541,5761,17945,5982,484,19688,4079,5498,15609
CeON-spark-utils,OK,3959,397,3959,397,26252,16577,3562,9675,3945,384,17628,12070,3561,5558
ethlo-jsons2xsd,OK,3460,215,3460,215,22359,8175,3245,14184,3455,211,12275,2939,3244,9336
monkeymq-jgossip,OK,4438,893,4438,893,30924,12169,3545,18755,4387,883,27784,10289,3504,17495
retest-recheck.cli,OK,1404,399,1404,399,15624,7741,1005,7883,1378,382,14606,7025,996,7581
mvallim-emv-qrcode,OK,4361,465,4361,465,19334,7538,3896,11796,4354,459,16240,5587,3895,10653
j-easy-easy-states,OK,5879,852,5879,852,21569,4740,5027,16829,5869,843,20500,3955,5026,16545
ashwanthkumar-gocd-janitor,OK,2418,498,2418,498,20525,10439,1920,10086,2404,485,19049,9547,1919,9502
Doccrazy-keycloak-protocol-cas,OK,2398,402,2398,402,10507,3855,1996,6652,2385,390,8272,2587,1995,5685
ExpediaGroup-avro-compatibility,OK,6837,162,6837,162,30022,3847,6675,26175,6831,157,24574,1008,6674,23566
weibocom-yar-java,OK,5037,435,5037,435,46205,11694,4602,34511,4953,426,35196,5634,4527,29562
patriques82-alphavantage4j,OK,1801,186,1801,186,16829,3610,1615,13219,1796,182,12933,1638,1614,11295
twitter-nodes,OK,4247,342,4247,342,18178,6978,3905,11200,4239,335,17455,6460,3904,10995
cbartosiak-bson-codecs-jsr310,OK,3522,10,3522,10,22835,18093,3512,4742,3518,7,3527,10,3511,3517
coldnew-twse-captcha-solver-java,OK,3299,136,3299,136,20963,3407,3163,17556,3293,131,17476,1654,3162,15822
RealZimboGuy-ewelink-api-java,OK,288,45,288,45,19220,5036,243,14184,285,43,18320,4580,242,13740
apache-flink-benchmarks,OK,3135,612,3178,618,22829,8629,2560,14200,3154,604,20214,7288,2550,12926
AlexP11223-JavaSpringMvcBlog,OK,286,165,286,165,40796,35811,121,4985,278,159,31024,30759,119,265
offbynull-portmapper,OK,10757,457,10757,457,49784,8199,10300,41585,10744,445,45119,4613,10299,40506
rstoyanchev-spring-mvc-chat,OK,4494,701,4494,701,20841,7333,3793,13508,4466,685,18796,6058,3781,12738
lastfm-coverartarchive-api,OK,2267,363,2267,363,16197,4523,1904,11674,2257,355,14698,3596,1902,11102
lemire-externalsortinginjava,OK,1403,227,1403,227,43185,33824,1176,9361,1392,220,20591,14341,1172,6250
sd4324530-JTuple,OK,1451,226,1451,226,10873,3555,1225,7318,1440,216,10449,3326,1224,7123
freva-ascii-table,OK,471,79,471,79,11651,7276,392,4375,468,77,11642,7270,391,4372
luigiselmi-flink-kafka-consumer,OK,16012,13,16012,13,33226,5066,15999,28160,16009,11,25223,1063,15998,24160
raymanrt-orientqb,OK,6295,115,6295,115,40877,19776,6180,21101,6290,111,21552,461,6179,21091
lexburner-kdio,OK,8204,11,8204,11,20507,26,8193,20481,8198,6,20490,13,8192,20477
stevespringett-threatmodel-sdk,OK,2755,104,2755,104,30967,3937,2651,27030,2750,100,27965,2408,2650,25557
ThinkingDataAnalytics-java-sdk,OK,2972,271,2972,271,25049,8274,2701,16775,2810,261,15171,2314,2549,12857
reinert-JJSchema,OK,9654,262,9654,262,31335,6102,9392,25233,9647,256,25151,2050,9391,23101
datoin-http-requests,OK,4568,468,4568,468,17646,4023,4100,13623,4554,455,15650,2832,4099,12818
upyun-java-sdk,OK,2916,375,2916,375,42636,27645,2541,14991,2900,360,32752,19684,2540,13068
stevespringett-CPE-Parser,OK,2748,540,2748,540,28705,6669,2208,22036,2739,532,28299,6452,2207,21847
streamx-co-ExTree,OK,3182,230,3182,230,10080,1914,2952,8166,3175,224,9606,1620,2951,7986
Trigary-AdvancementCreator,OK,3703,96,3703,96,13420,2411,3607,11009,3697,91,9701,529,3606,9172
webbynet-protostuff-runtime-proto,OK,6590,430,6590,430,33291,8402,6160,24889,6417,418,30578,6978,5999,23600
tonikolaba-BatBat-Game,OK,1917,50,1917,50,11701,2127,1867,9574,1775,43,8018,210,1732,7808
righettod-pst-digger,OK,1296,206,1296,206,44249,31896,1090,12353,1287,198,12128,2902,1089,9226
humbertodias-java-data-structures-algorithms,OK,3290,145,3290,145,17960,2954,3145,15006,3284,141,16334,2088,3143,14246
vert-x3-vertx-service-factory,OK,10821,320,10821,320,24929,5152,10501,19777,10803,310,21344,2615,10493,18729
actiontech-dble,OK,91598,3539,92003,3574,636476,181506,88429,454970,91961,3548,593372,157326,88413,436046
albfernandez-itext2,OK,2313177,14029,2313177,14029,16497542,2009549,2299148,14487993,2307350,13998,14776242,723932,2293352,14052310
alessio29-savagebot,OK,205815,3212,205903,3231,1149798,155206,202672,994592,205874,3216,1050919,99966,202658,950953
amazon-archives-pocket-etl,OK,1780941,8249,1781043,8251,9726008,546641,1772792,9179367,1780428,8189,9532234,353600,1772239,9178634
ATLANTBH-owl,OK,7,7,7,7,15,15,0,0,6,6,11,11,0,0
bdupras-guava-probably,OK,4043555,273,4043555,273,16244088,3010,4043282,16241078,4043545,264,16243667,2652,4043281,16241015
blinkfox-jpack-maven-plugin,OK,124970,3703,124970,3703,1222055,464209,121267,757846,124826,3671,1089892,332380,121155,757512
bpodgursky-jbool_expressions,OK,74871,627,74871,627,850712,21407,74244,829305,74864,621,837896,11187,74243,826709
CiscoDevNet-stealthwatch-data-exporter,OK,1341,137,1341,137,4808,1212,1204,3596,1334,131,4447,991,1203,3456
cowtowncoder-java-uuid-generator,OK,20836611,132,20836611,132,73523788,20290466,20836479,53233322,20836604,125,63233755,10000433,20836479,53233322
cowtowncoder-low-gc-membuffers,OK,587,67,587,67,10481035,5071554,520,5409481,585,65,10043367,4633886,520,5409481
daisy-jhyphen,OK,260,39,260,39,781,124,221,657,257,37,775,120,220,655
dnsjava-dnsjava,OK,2179633,19244,2179633,19244,37824202,19085341,2160389,18738861,2179442,19216,36610353,17988745,2160226,18621608
duma-repo-manis-study,OK,39,26,39,26,158,114,13,44,33,21,118,82,12,36
ganskef-LittleProxy-mitm,OK,96789,870,96789,870,189579,19321,95919,170258,96767,850,179874,12997,95917,166877
geosolutions-it-http-proxy,OK,52135,3420,52135,3420,405650,189800,48715,215850,52004,3389,348628,157903,48615,190725
gisarmory-mbtiles4j,OK,37,25,37,25,72,55,12,17,34,23,65,51,11,14
GoogleCloudPlatform-kafka-pubsub-emulator,OK,130711,2826,130741,2826,643925,57860,127915,586065,130573,2796,624830,46337,127777,578493
gquintana-metrics-sql,OK,3098603,1010,3098677,1019,10783186,500583,3097658,10282603,3098664,1008,10758145,485320,3097656,10272825
hageldave-ezFFTW,OK,19447,133,19447,133,133716,1040,19314,132676,19441,128,133391,873,19313,132518
hazelcast-hazelcast-azure,OK,160866,2361,160866,2361,1534383,306975,158505,1227408,159995,2339,1394164,223559,157656,1170605
HebiRobotics-HebiCam,OK,3,1,3,1,3,1,2,2,3,1,3,1,2,2
hellokaton-webp-io,OK,74,28,74,28,172,83,46,89,74,28,172,83,46,89
jedicontributors-jedi-kafka-client,OK,560177,59742,560297,59764,1459672934,1457562934,500533,2110000,558419,59734,1459621447,1457513374,498685,2108073
jericks-geometrycommands,OK,468549,3109,468549,3109,2548541,113701,465440,2434840,468531,3094,2536528,104946,465437,2431582
jhalterman-lyra,OK,10073,489,10073,489,48226,7094,9584,41132,10060,478,44855,5177,9582,39678
jitsi-jitsi-webrtc-vad-wrapper,OK,13,6,13,6,27,13,7,14,11,5,25,12,6,13
kamaladafrica-codice-fiscale,OK,5131604,190,5131604,190,29043896,2128,5131414,29041768,5131600,187,29043748,2019,5131413,29041729
LatencyUtils-LatencyUtils,OK,323,129,323,129,11807,10827,194,980,321,127,11799,10819,194,980
Lcry-java-png-compress-util,OK,14,11,14,11,32,29,3,3,13,10,31,28,3,3
MottoX-TAOMP,OK,1700035,17,1700035,17,4250435,106,1700018,4250329,1700035,17,4250435,106,1700018,4250329
msemys-esjc,OK,623,135,623,135,5030,1435,488,3595,615,128,4346,1043,487,3303
msigwart-fakeload,OK,40596156,2073,40597836,2073,50915095,53748,40595763,50861347,40597821,2059,50911817,51534,40595762,50860283
peter-lawrey-admin-Chronicle-Ticker,OK,78,18,78,18,208,48,60,160,78,18,208,48,60,160
PlayPen-playpen-core,OK,29,19,29,19,204,123,10,81,27,18,196,119,9,77
reggert-reb4j,OK,56,21,56,21,311,221,35,90,53,18,278,188,35,90
rnorth-visible-assertions,OK,760,88,760,88,2589,605,672,1984,758,86,2587,603,672,1984
sachin-handiekar-jInstagram,OK,424215,841,424215,841,1154955,251572,423374,903383,424199,827,1018007,143744,423372,874263
sangkeon-java-opa-wasm,OK,140,27,140,27,676,208,113,468,136,24,535,121,112,414
simplenlg-simplenlg,OK,17951179,2144,17951179,2144,76503466,16795332,17949035,59708134,17951168,2134,49118376,33706,17949034,49084670
smacke-jaydio,OK,104,28,104,28,252,169,76,83,101,25,116,33,76,83
spinscale-elasticsearch-graphite-plugin,OK,368871,9036,368871,9036,5246619,1528095,359835,3718524,368577,8992,5064250,1346111,359585,3718139
spotify-simple-bigtable,OK,806,57,806,57,2224,213,749,2011,800,52,2151,148,748,2003
StaticBeagle-ETK4J,OK,352,77,352,77,7901,6952,275,949,349,74,1237,288,275,949
stefanbirkner-fake-sftp-server-rule,OK,29403,1106,29403,1106,164636,45917,28297,118719,29206,1088,140419,25171,28118,115248
takari-directory-watcher,OK,153,40,153,40,626,359,113,267,145,33,572,321,112,251
takari-takari-local-repository,OK,22198,1299,22199,1300,1051424,1012397,20899,39027,22189,1291,1045195,1006625,20898,38570
toolfactory-narcissus,OK,252,143,252,143,3910,2105,109,1805,248,141,3398,1933,107,1465
twitter-sbf,OK,803075,28004,803075,28004,26083052,5966822,775071,20116230,803065,27995,25746257,5636974,775070,20109283
vasia-gelly-streaming,OK,357564,6004,357564,6004,2252058,475555,351560,1776503,357449,5978,2104745,328423,351471,1776322
zhuweitung-banana-helper,OK,3630,631,3732,660,28630,11996,3072,16634,3719,649,25983,10627,3070,15356
agarciadom-xeger,OK,15784897,2342,15784897,2342,116908697,6693907,15782555,110214790,15784891,2337,110221695,341180,15782554,109880515
albfernandez-javadbf,OK,137591,274,137591,274,713840,177367,137317,536473,137584,268,562563,27355,137316,535208
almondtools-stringsearchalgorithms,OK,71164595,4570,71164595,4570,516889782,73107237,71160025,443782545,71164581,4559,485752383,43866730,71160022,441885653
Antibrumm-jackson-antpathfilter,OK,10690206,425,10690206,425,61058322,5987705,10689781,55070617,10630181,418,56255675,1245076,10629763,55010599
apache-commons-graph,OK,2518206,37237,2518221,37250,283839083,28317440,2480971,255521643,2518206,37238,277139719,23579009,2480968,253560710
apanimesh061-VaderSentimentJava,OK,4385463,2303,4385463,2303,113410194,6294590,4383160,107115604,4385454,2295,106614079,74882,4383159,106539197
attoparser-attoparser,OK,219116689,987,219116689,987,2297747374,18968931,219115702,2278778443,219116681,980,2277968548,25711,219115701,2277942837
awslabs-route53-infima,OK,7106224,817,7106224,817,28721050,2248150,7105407,26472900,7106213,808,25175120,76952,7105405,25098168
bfh-evg-unicrypt,OK,119570719,8499,119570719,8499,819603140,13021638,119562220,806581502,119570712,8493,805976603,2251900,119562219,803724703
brettwooldridge-SparseBitSet,OK,160506,21212,160506,21212,2685198209,2551210787,139294,133987422,160502,21208,2675130909,2541143487,139294,133987422
chocoteam-choco-graph,OK,15169527,12407,15169527,12407,602844760,533398846,15157120,69445914,15169519,12400,581816659,512371626,15157119,69445033
cocolian-cocolian-nlp,OK,25117095,34866,25117097,34868,197527038,32461854,25082229,165065184,25117067,34858,160103465,7587744,25082209,152515721
codelibs-elasticsearch-sstmpl,OK,7335564,103972,7335564,103974,2222866077,1846087443,7231590,376778634,7286925,103918,2214645256,1837925045,7183007,376720211
confluentinc-kafka-connect-datagen,OK,7589342,56822,7589342,56822,350935676,24877367,7532520,326058309,7589076,56809,337618729,18037628,7532267,319581101
conveyal-osm-lib,OK,16842131,3507,16842150,3510,117616742,44251543,16838640,73365199,16842137,3497,95969210,22604011,16838640,73365199
danieldk-dictomaton,OK,42767556,13780,42767556,13780,256473760,38973304,42753776,217500456,42767533,13767,226696291,18453060,42753766,208243231
dhatim-business-hours-java,OK,1930565,1762,1930565,1762,14419441,2245639,1928803,12173802,1930558,1756,11853541,779187,1928802,11074354
dperezcabrera-jpoker,OK,96172508,1717,96172508,1717,374641076,18472636,96170791,356168440,96172493,1703,356440705,274669,96170790,356166036
eightbitjim-cassette-nibbler,OK,189045632,32341,189045632,32341,619908221,114193236,189013291,505714985,189045628,32339,619908207,114193224,189013289,505714983
ElectronicChartCentre-java-vector-tile,OK,15229444,2668,15229444,2668,347463502,213869580,15226776,133593922,15229435,2660,345426347,212850653,15226775,132575694
FasterXML-jackson-core,OK,28557575,2665,28557577,2665,236492292,54022010,28554912,182470282,28557569,2658,232598889,51056911,28554911,181541978
fraunhoferfokus-Fuzzino,OK,503526,6901,503526,6901,2313239382,17196604,496625,2296042778,503518,6894,2313232233,17191240,496624,2296040993
gchq-synthetic-data-generator,OK,8691541,46844,8691541,46844,1076782789,897031239,8644697,179751550,8691529,46833,1073887197,894287260,8644696,179599937
ghaffarian-progex,OK,20492896,44823,20492896,44823,163816628,12904479,20448073,150912149,20492889,44817,161926338,11668023,20448072,150258315
gradusnikov-jmatio,OK,13300,314,13300,314,4449645,3039572,12986,1410073,13290,306,36633,16937,12984,19696
graphstream-gs-core,OK,6500810,783,6500810,783,44208898,12713522,6500027,31495376,6500799,773,28990908,5102913,6500026,23887995
Grundlefleck-ASM-NonClassloadingExtensions,OK,31964717,41790,31964717,41790,182900775,71348057,31922927,111552718,31964703,41778,122314914,10929915,31922925,111384999
hlavki-jlemmagen,OK,1260572,2070,1260572,2070,8572878,1119519,1258502,7453359,1260566,2065,7358521,401118,1258501,6957403
houbb-opencc4j,OK,1135830,778,1135830,778,9920629,7158331,1135052,2762298,1135824,772,7022555,4260257,1135052,2762298
houbb-segment,OK,5913940,321,5913940,321,38423622,15893295,5913619,22530327,5913933,315,29625718,10948333,5913618,18677385
houbb-sensitive-word,OK,99409242,307,99409242,307,910791294,12037729,99408935,898753565,99409238,304,894608643,2871225,99408934,891737418
huaban-jieba-analysis,OK,18908479,1089,18908479,1089,138153412,26576618,18907390,111576794,18908475,1086,91904490,3452156,18907389,88452334
indeedeng-mph-table,OK,164014,1838,164014,1838,268324104,267835572,162176,488532,164003,1828,268292283,267807542,162175,484741
indeedeng-vowpal-wabbit-java,OK,287481165,256,287481165,256,1268285805,49112906,287480909,1219172899,287481159,251,1254043016,34870158,287480908,1219172858
jahlborn-jackcess,OK,39739970,47466,39739970,47466,657166928,151230729,39692504,505936199,39739928,47448,627710714,121782008,39692480,505928706
jinahya-bit-io,OK,7042564,37710,7042565,37711,747384751,717491896,7004854,29892855,7039426,37683,746040269,716432570,7001743,29607699
lbehnke-hierarchical-clustering-java,OK,11165301,3279,11165301,3279,49612188,6051707,11162022,43560481,11165297,3277,44035704,3263465,11162020,40772239
lexburner-consistent-hash-algorithm,OK,56100220,27,56100220,27,295021215,28131631,56100193,266889584,56100216,25,211021214,131630,56100191,210889584
locationtech-spatial4j,OK,3747586,4712,3747586,4712,19980696,677786,3742874,19302910,3747569,4697,19778147,543012,3742872,19235135
lrozenblyum-chess,OK,56839656,23794,56839826,23850,427683553,94815072,56815976,332868481,56839769,23826,412688573,86850181,56815943,325838392
lukfor-pgs-calc,OK,55119528,10043,55119530,10042,1280221143,78044352,55109488,1202176791,55118714,10024,1278137170,76791583,55108690,1201345587
MagicTheGathering-mtg-sdk-java,OK,3512310,11391,3512310,11391,83370683,26402739,3500919,56967944,3511858,11373,80434153,24897809,3500485,55536344
MezereonXP-AnomalyDetectTool,OK,1323078,693,1323078,693,224365878,11410701,1322385,212955177,1323074,690,224365494,11410491,1322384,212955003
mocnik-science-geogrid,OK,4000582,67,4000582,67,95647869,42064281,4000515,53583588,4000577,63,47553787,10001239,4000514,37552548
mvel-mvel,OK,10286386,9541,10286386,9541,33714435,4372113,10276845,29342322,10286371,9527,30973717,1632689,10276844,29341028
renfei-ik-analyzer,OK,28817066,864,28817066,864,124016952,12939672,28816202,111077280,28817059,858,110334698,2940815,28816201,107393883
rweather-noise-java,OK,441983,118,441983,118,4326195,990826,441865,3335369,441981,116,4240587,905218,441865,3335369
sangupta-bloomfilter,OK,2000027,26,2000027,26,32000027,28000027,2000001,4000000,2000027,26,32000027,28000027,2000001,4000000
sbesada-java.math.expression.parser,OK,328001872,135,328001872,135,820004729,455,328001737,820004274,328001872,135,820004729,455,328001737,820004274
solita-functional-utils,OK,9900,914,9900,914,17722215,5130715,8986,12591500,9896,910,17216857,4625357,8986,12591500
StarlangSoftware-TurkishPropBank,OK,36922519,94,36922519,94,94368207,417431,36922425,93950776,36922516,92,94054288,260470,36922424,93793818
Sweetiee-yi-Jaba,OK,22132147,4950,22132147,4950,83018950,12853233,22127197,70165717,22132139,4945,66815449,4813583,22127194,62001866
tdunning-bandit-ranking,OK,8004879,30,8004879,30,38710685,171125,8004849,38539560,8004874,26,38706737,168490,8004848,38538247
ThreeTen-threetenbp,OK,14426688,2300,14426688,2300,68946667,120299,14424388,68826368,14423427,2286,68872746,78923,14421141,68793823
wiqer-ef-redis,OK,40000177,78,40000177,78,100000618,325,40000099,100000293,40000171,73,100000502,237,40000098,100000265
ysc-word,OK,3585957,1602,3585957,1602,10464735,4854604,3584355,5610131,3585942,1589,10325662,4784033,3584353,5541629
zhoujianling-PointCloudUtilities,OK,6714726,41324,6714726,41324,306221534,171047825,6673402,135173709,6714717,41317,303299507,169140216,6673400,134159291
apache-pdfbox-jbig2,OK,843,239,843,239,323420,189493,604,133927,839,236,94418,74768,603,19650
aseldawy-spatialhadoop2,OK,3784637,5791,3784716,5810,128759910,15393765,3778906,113366145,3784531,5791,117669224,4630379,3778740,113038845
Azure-azure-functions-java-worker,OK,347330,6732,347330,6732,1685972,451516,340598,1234456,347043,6709,1657017,433609,340334,1223408
bazaarvoice-rison,OK,2630,560,2630,560,3346774,3337625,2070,9149,2612,553,544669,536513,2059,8156
bingoohuang-westid,OK,1498,463,1502,467,1209061,1204718,1035,4343,1486,452,208174,204220,1034,3954
bkatwal-kafka-util,OK,258408,28317,258418,28325,19910196,18403838,230093,1506358,257870,28299,19869063,18363231,229571,1505832
braintree-braintree_java,OK,195662,2943,195662,2943,894089,61336,192719,832753,195641,2923,878229,51509,192718,826720
Cantara-Java-Auto-Update,OK,140559,2283,140559,2283,520204,47118,138276,473086,140500,2252,500381,34248,138248,466133
chengdedeng-waf,OK,4377,572,4377,572,123437,70340,3805,53097,4363,563,122656,69935,3800,52721
Coveros-GitHub-Sandbox-selenified,OK,352246,2955,352246,2955,3270671,232004,349291,3038667,352210,2933,3135191,96547,349277,3038644
daimuuc-CampusLife-SSM-,OK,40646,2006,40862,2017,299508,46487,38845,253021,40711,1999,268067,26483,38712,241584
DataDog-java-dogstatsd-client,OK,14446,1131,14446,1131,724266,613160,13315,111106,14388,1117,720496,611025,13271,109471
davidmoten-rtree,OK,88131516,2790,88131516,2790,1072068910,3626439,88128726,1068442471,88131494,2772,1070224842,1783343,88128722,1068441499
fcrepo-exts-fcrepo-import-export,OK,343445,5802,343463,5804,1813387,499939,337659,1313448,343399,5763,1763875,470078,337636,1293797
fusion-jena-JaroWinklerSimilarity,OK,137424745,10876,137424745,10876,2079561220,988313,137413869,2078572907,137424739,10871,2079560703,987928,137413868,2078572775
graphstream-gs-algo,OK,4948157,214659,4948157,214659,2624945240,2284875027,4733498,340070213,4948149,214653,2617146194,2280144875,4733496,337001319
gturri-aXMLRPC,OK,27993,2080,27993,2080,217257,99225,25913,118032,27932,2060,188316,83446,25872,104870
HarvardPL-AbcDatalog,OK,149614,2249,149614,2249,603835,81065,147365,522770,149607,2243,514854,18494,147364,496360
icgw-FCA-Map,OK,68747,2227,68821,2233,362568,100167,66588,262401,68804,2217,329018,66628,66587,262390
inversoft-jackson5,OK,45323,356,45325,357,185592,19800,44968,165792,45303,348,163411,5470,44955,157941
inversoft-restify,OK,678,218,678,218,3134,1702,460,1432,665,206,2355,1166,459,1189
iotaledger-cliri,OK,645502,11276,645504,11277,56321730,26075903,634227,30245827,645357,11243,52976435,22766175,634114,30210260
jagrosh-Vortex,OK,2782,616,2782,616,27211,13820,2166,13391,2763,598,24218,11927,2165,12291
jarslab-babel-maven-plugin,OK,14590429,6255,14590744,6302,43443213,3733651,14584442,39709562,14590710,6284,42580799,3058036,14584426,39522763
jbossas-jboss-dmr,OK,66543109,2301,66543109,2301,1030186918,188793275,66540808,841393643,66543101,2295,952056394,147250801,66540806,804805593
jitsi-otr4j,OK,1047363,1183,1047363,1183,2702190,16574,1046180,2685616,1047347,1170,2695526,11433,1046177,2684093
jlinn-quartz-redis-jobstore,OK,157702,2672,157702,2672,2039759,517583,155030,1522176,156586,2646,1468248,141874,153940,1326374
jordw-heftydb,OK,6113244,10863,6113244,10872,179154654,33385741,6102372,145768913,6113226,10855,156981211,12154786,6102371,144826425
js-cookie-java-cookie,OK,1087,269,1087,269,6198,2978,818,3220,1074,261,3645,1300,813,2345
jsunsoftware-http-request,OK,99627,2215,99628,2214,750279,243886,97414,506393,99556,2193,650933,144591,97363,506342
kapoorlabs-kiara,OK,8904112,88910,8904112,88910,1749279004,1000895027,8815202,748383977,8705010,88892,1746559354,999380984,8616118,747178370
keighrim-mae-annotation,OK,142310,1701,142310,1701,1782335,141466,140609,1640869,142294,1690,1558232,26014,140604,1532218
L-PLUM-ContractDetection,OK,38654952,168419,38654952,168419,1510359953,1315252466,38486533,195107487,38654944,168412,1497906375,1308952836,38486532,188953539
lucidworks-spark-solr,OK,7381555,98543,7381634,98541,240956642,125138761,7283093,115817881,7365818,98432,233976480,118188170,7267386,115788310
mastodon-sc-mastodon,OK,25193456,3313,25193650,3328,85078253,4492713,25190322,80585540,25193634,3313,84503922,3918746,25190321,80585176
optimaize-command4j,OK,483,64,483,64,1992,782,419,1210,282,58,1140,425,224,715
palatable-lambda,OK,5309928,43873,5309928,43873,654218348,328153708,5266055,326064640,5309845,43843,654155391,328106100,5266002,326049291
PeterisP-morphology,OK,67671044,28697,67671044,28697,2132806158,51524582,67642347,2081281576,67493035,28685,2103309789,36831633,67464350,2066478156
saalfeldlab-stitching-spark,OK,3285747,7101,3285756,7110,357338030,116247377,3278646,241090653,3285690,7081,313216317,72125953,3278609,241090364
SpoonLabs-CoCoSpoon,OK,462270,1759,462270,1759,1512472,370552,460511,1141920,462105,1745,1340647,226436,460360,1114211
spotify-netty-zmtp,OK,84298,684,84298,684,2596125,1676066,83614,920059,84233,667,929838,11657,83566,918181
StarlangSoftware-TurkishSentiNet,OK,63329674,28,63329674,28,162861184,1798920,63329646,161062264,63329671,26,161768231,1252442,63329645,160515789
talios-coffee-maven-plugin,OK,2267516,1834,2267518,1835,10093153,259509,2265683,9833644,2267483,1828,9911677,126573,2265655,9785104
tarql-tarql,OK,9887,1254,9887,1254,55572,26656,8633,28916,9805,1238,47220,21778,8567,25442
uwolfer-gerrit-rest-java-client,OK,60702,2921,60786,2989,724978,254585,57797,470393,60597,2963,612212,142021,57634,470191
wuba-LPA-Detector,OK,356448,2319,356575,2327,1378222,351070,354248,1027152,356537,2302,1120253,93198,354235,1027055